0 -48.851273
0.5 -44.096497
1 -54.187157
1.5 -55.686172
2 -63.737099
2.5 -63.207912
3 -62.176018
3.5 -68.408066
4 -64.828857
4.5 -59.720764
5 -60.325073
5.5 -68.901215
6 -49.77652
6.5 -53.033295
7 -73.438721
7.5 -64.379379
8 -65.252785
8.5 -75.825325
9 -52.926201
9.5 -67.345787
10 -74.275574
10.5 -76.510071
11 -83.43631
11.5 -85.317726
12 -78.165672
12.5 -76.74649
13 -78.277794
13.5 -57.459705
14 -61.308739
14.5 -64.506706
15 -72.967987
15.5 -73.397552
16 -70.015915
16.5 -54.610722
17 -67.949844
17.5 -47.391815
18 -59.75737
18.5 -69.98262
19 -61.713051
19.5 -64.724297
20 -66.392174
20.5 -72.287155
21 -72.265488
21.5 -59.055275
22 -83.925125
22.5 -81.175934
23 -49.900417
23.5 -82.842583
24 -88.494804
24.5 -77.859795
25 -67.673111
25.5 -70.210693
26 -75.444
26.5 -78.439064
27 -81.716888
27.5 -57.614471
28 -55.228077
28.5 -72.876434
29 -74.829178
29.5 -67.436859
30 -71.189468
30.5 -65.560333
31 -63.439747
31.5 -50.673637
32 -69.29097
32.5 -68.022568
33 -66.19075
33.5 -73.645523
34 -79.487511
34.5 -74.695694
35 -84.349213
35.5 -84.576263
36 -77.991028
36.5 -76.209518
37 -68.437943
37.5 -72.2733
38 -85.527153
38.5 -79.210022
39 -73.044937
39.5 -74.918381
40 -82.428146
40.5 -84.773422
41 -61.849197
41.5 -71.565315
42 -87.563705
42.5 -76.411865
43 -75.346764
43.5 -85.411407
44 -67.17498
44.5 -70.843124
45 -66.580307
45.5 -87.522842
46 -70.706772
46.5 -71.625641
47 -55.357536
47.5 -84.512985
48 -82.721512
48.5 -76.513184
49 -78.850311
49.5 -92.87513
50 -71.541107
50.5 -81.382477
51 -79.488152
51.5 -87.981094
52 -99.019897
52.5 -87.679718
53 -91.631706
53.5 -102.05668
54 -100.57158
54.5 -107.18837
55 -98.194733
55.5 -85.651512
56 -87.565643
56.5 -90.741112
57 -93.616478
57.5 -78.243202
58 -84.822052
58.5 -84.078285
59 -82.29673
59.5 -100.1441
60 -92.267441
60.5 -90.344711
61 -84.571182
61.5 -99.302597
62 -103.78244
62.5 -89.644585
63 -89.420868
63.5 -93.790916
64 -102.35072
64.5 -96.471664
65 -89.781929
65.5 -94.740875
66 -88.285957
66.5 -96.312912
67 -88.365952
67.5 -90.148239
68 -88.061295
68.5 -105.64202
69 -109.00517
69.5 -101.44014
70 -97.668427
70.5 -96.522568
71 -114.68572
71.5 -95.513519
72 -98.447235
72.5 -91.329887
73 -115.30598
73.5 -98.195503
74 -96.262199
74.5 -95.235741
75 -103.24839
75.5 -108.41518
76 -110.18005
76.5 -89.382111
77 -116.50073
77.5 -108.33748
78 -117.59886
78.5 -132.64363
79 -130.70401
79.5 -139.98096
80 -117.17185
80.5 -135.08261
81 -120.03316
81.5 -140.91115
82 -121.81212
82.5 -134.58891
83 -133.31486
83.5 -134.3887
84 -123.31731
84.5 -130.05997
85 -143.08563
85.5 -147.62595
86 -156.79208
86.5 -149.25261
87 -152.98583
87.5 -148.29668
88 -137.4324
88.5 -128.04015
89 -136.30183
89.5 -133.05597
90 -128.60606
90.5 -142.48225
91 -136.1787
91.5 -145.84398
92 -147.84358
92.5 -140.7303
93 -159.78963
93.5 -144.50934
94 -149.95328
94.5 -163.85283
95 -162.4016
95.5 -157.42763
96 -149.42757
96.5 -153.54942
97 -149.81883
97.5 -150.10866
98 -148.47728
98.5 -140.87288
99 -147.49203
99.5 -142.42371
100 -163.22754
100.5 -126.44527
101 -147.79205
101.5 -143.21231
102 -118.30307
102.5 -143.27606
103 -135.42749
103.5 -141.47087
104 -153.16748
104.5 -149.87503
105 -120.5145
105.5 -137.45756
106 -134.08958
106.5 -127.75665
107 -135.45163
107.5 -129.45743
108 -124.98386
108.5 -135.76782
109 -146.93974
109.5 -151.16811
110 -150.8053
110.5 -185.93056
111 -170.38268
111.5 -149.05855
112 -154.73509
112.5 -163.01186
113 -163.20988
113.5 -157.03493
114 -175.78943
114.5 -171.34715
115 -170.949
115.5 -172.84792
116 -156.49887
116.5 -160.18436
117 -178.52696
117.5 -143.4258
118 -155.10394
118.5 -144.93716
119 -157.67953
119.5 -178.01901
120 -173.60474
120.5 -153.85922
121 -158.68796
121.5 -172.84369
122 -153.43491
122.5 -169.42651
123 -145.37775
123.5 -159.04099
124 -158.15497
124.5 -170.53593
125 -176.26166
125.5 -163.49094
126 -168.73938
126.5 -165.81467
127 -164.98332
127.5 -130.54138
128 -185.44763
128.5 -155.35382
129 -169.54222
129.5 -200.9015
130 -168.46866
130.5 -194.78403
131 -169.87569
131.5 -194.34576
132 -190.63365
132.5 -197.67358
133 -191.58583
133.5 -188.32068
134 -154.84953
134.5 -196.10469
135 -202.31235
135.5 -168.14014
136 -195.30081
136.5 -141.02264
137 -186.10988
137.5 -170.49155
138 -180.2796
138.5 -201.88428
139 -193.03552
139.5 -186.72693
140 -162.61618
140.5 -178.17419
141 -161.45389
141.5 -210.21385
142 -169.42445
142.5 -177.01041
143 -196.18857
143.5 -186.1954
144 -191.97659
144.5 -142.82158
145 -178.7345
145.5 -152.18573
146 -167.05298
146.5 -203.14865
147 -189.77631
147.5 -159.92416
148 -146.63489
148.5 -207.78528
149 -183.38666
149.5 -180.37585
150 -175.05121
150.5 -186.41676
151 -199.39644
151.5 -182.77487
152 -168.37384
152.5 -175.75398
153 -188.14874
153.5 -193.07762
154 -165.44672
154.5 -177.53982
155 -193.47162
155.5 -187.01218
156 -178.61462
156.5 -192.75899
157 -186.64467
157.5 -117.9677
158 -123.48579
158.5 -126.88633
159 -171.90299
159.5 -168.77371
160 -138.14575
160.5 -182.75382
161 -171.06247
161.5 -173.56964
162 -185.76651
162.5 -175.23148
163 -161.98906
163.5 -198.77936
164 -160.32951
164.5 -164.60933
165 -168.41782
165.5 -183.17844
166 -182.16769
166.5 -164.1969
167 -166.18869
167.5 -207.61743
168 -162.4848
168.5 -158.46182
169 -163.58551
169.5 -188.69261
170 -179.76038
170.5 -187.3028
171 -174.72763
171.5 -175.94023
172 -178.7029
172.5 -173.02362
173 -182.16438
173.5 -160.03195
174 -198.28015
174.5 -165.50613
175 -185.67755
175.5 -158.32188
176 -144.50378
176.5 -163.49759
177 -171.95779
177.5 -188.51247
178 -153.59901
178.5 -132.37866
179 -174.64008
179.5 -177.99731
180 -186.41797
