0 -331.12286
0.5 -369.04211
1 -377.40887
1.5 -350.84601
2 -349.16864
2.5 -327.79816
3 -324.67163
3.5 -332.48639
4 -318.52939
4.5 -279.95868
5 -299.45596
5.5 -308.33145
6 -294.87311
6.5 -296.14868
7 -304.68433
7.5 -309.3468
8 -316.81561
8.5 -326.7648
9 -304.97681
9.5 -312.0473
10 -297.15881
10.5 -279.8313
11 -320.09482
11.5 -324.21997
12 -321.07376
12.5 -308.36453
13 -305.60702
13.5 -303.46014
14 -300.88739
14.5 -329.37695
15 -332.91333
15.5 -319.27328
16 -314.80505
16.5 -338.65021
17 -350.06958
17.5 -330.74783
18 -339.02661
18.5 -339.74512
19 -328.46558
19.5 -317.80756
20 -339.40515
20.5 -328.04395
21 -319.4122
21.5 -328.16122
22 -315.14972
22.5 -295.2229
23 -326.1355
23.5 -329.05624
24 -351.61963
24.5 -331.39169
25 -349.87268
25.5 -336.38336
26 -352.91174
26.5 -327.74548
27 -329.3114
27.5 -353.99542
28 -357.0292
28.5 -307.18155
29 -342.37457
29.5 -315.84744
30 -327.22302
30.5 -352.36374
31 -354.04993
31.5 -316.97528
32 -320.53662
32.5 -332.9209
33 -324.63373
33.5 -354.40936
34 -358.4873
34.5 -344.41479
35 -332.74994
35.5 -318.22165
36 -362.83197
36.5 -358.99039
37 -344.70252
37.5 -335.73602
38 -335.10931
38.5 -318.57709
39 -292.9021
39.5 -331.33432
40 -315.92438
40.5 -304.19678
41 -305.20477
41.5 -315.36438
42 -336.87582
42.5 -340.76331
43 -309.47949
43.5 -331.50568
44 -333.4968
44.5 -335.48944
45 -316.03677
45.5 -349.97235
46 -344.71793
46.5 -355.3089
47 -360.20828
47.5 -378.0285
48 -351.07037
48.5 -322.57925
49 -355.83466
49.5 -321.53455
50 -355.99176
50.5 -329.58893
51 -339.99365
51.5 -357.41486
52 -348.66083
52.5 -381.69626
53 -361.53247
53.5 -352.56262
54 -328.5849
54.5 -387.85345
55 -349.93268
55.5 -359.82861
56 -335.06189
56.5 -367.98169
57 -366.03757
57.5 -382.22705
58 -350.50629
58.5 -361.36902
59 -361.51733
59.5 -365.48285
60 -326.66779
60.5 -344.46973
61 -381.56494
61.5 -326.49106
62 -315.24426
62.5 -361.16046
63 -356.173
63.5 -314.94952
64 -312.75839
64.5 -325.0917
65 -338.76218
65.5 -345.19391
66 -316.03415
66.5 -330.44803
67 -341.04184
67.5 -345.72241
68 -342.53326
68.5 -333.72351
69 -317.71582
69.5 -358.10049
70 -341.24115
70.5 -324.29111
71 -348.30939
71.5 -324.28995
72 -329.80246
72.5 -331.34662
73 -347.90103
73.5 -319.01712
74 -305.09003
74.5 -313.35553
75 -319.79089
75.5 -316.93054
76 -292.66168
76.5 -315.16022
77 -322.23517
77.5 -331.18048
78 -292.20627
78.5 -318.81943
79 -330.02994
79.5 -339.10202
80 -315.50522
80.5 -301.08517
81 -330.25738
81.5 -308.19214
82 -312.75125
82.5 -305.79675
83 -307.7713
83.5 -300.89673
84 -307.52402
84.5 -303.13989
85 -301.70624
85.5 -305.73114
86 -295.52435
86.5 -311.05426
87 -311.55225
87.5 -321.16125
88 -299.40884
88.5 -289.49084
89 -296.12357
89.5 -320.19592
90 -328.02951
90.5 -276.54175
91 -280.81512
91.5 -335.05469
92 -301.68396
92.5 -332.39267
93 -312.05365
93.5 -310.29578
94 -317.32831
94.5 -316.72656
95 -339.14355
95.5 -332.41598
96 -312.98987
96.5 -323.89957
97 -314.76489
97.5 -314.01642
98 -333.23041
98.5 -313.71121
99 -326.03397
99.5 -325.1766
100 -321.1788
100.5 -337.38117
101 -314.22873
101.5 -332.43433
102 -310.48059
102.5 -288.18259
103 -327.75665
103.5 -284.20544
104 -281.66681
104.5 -322.63788
105 -348.12744
105.5 -358.7002
106 -352.18274
106.5 -355.11609
107 -313.02808
107.5 -320.29224
108 -316.3804
108.5 -276.86624
109 -304.85968
109.5 -307.51211
110 -263.94379
110.5 -263.92633
111 -270.28223
111.5 -268.47723
112 -272.30548
112.5 -294.41443
113 -299.24329
113.5 -289.91782
114 -289.52624
114.5 -302.05576
115 -306.1626
115.5 -296.63333
116 -257.43832
116.5 -257.9498
117 -254.52452
117.5 -260.74124
118 -257.50015
118.5 -254.43288
119 -285.55005
119.5 -255.68268
120 -283.9657
120.5 -282.43585
121 -242.15733
121.5 -279.91949
122 -250.6299
122.5 -232.91009
123 -261.27652
123.5 -253.85969
124 -243.83966
124.5 -242.87207
125 -253.6467
125.5 -205.96814
126 -249.42099
126.5 -254.85204
127 -256.42877
127.5 -236.87576
128 -262.80203
128.5 -268.85538
129 -230.25743
129.5 -225.08748
130 -246.90243
130.5 -199.60373
131 -254.95085
131.5 -252.63931
132 -246.93268
132.5 -217.27818
133 -233.8427
133.5 -255.45911
134 -247.83099
134.5 -233.92532
135 -265.84402
135.5 -264.61627
136 -243.29956
136.5 -245.02086
137 -261.47656
137.5 -272.94501
138 -197.60037
138.5 -266.91303
139 -268.34601
139.5 -261.78668
140 -238.65854
140.5 -233.08194
141 -232.51637
141.5 -224.57025
142 -214.39568
142.5 -247.42429
143 -250.60788
143.5 -249.98953
144 -250.81656
144.5 -242.75107
145 -226.80968
145.5 -245.20241
146 -255.43233
146.5 -214.62373
147 -213.66724
147.5 -239.50775
148 -224.36681
148.5 -238.42876
149 -242.60507
149.5 -213.45828
150 -237.64441
150.5 -238.18465
151 -265.83365
151.5 -204.14465
152 -237.40179
152.5 -188.59453
153 -256.37283
153.5 -199.35666
154 -255.73683
154.5 -221.96443
155 -234.19452
155.5 -231.26373
156 -242.42274
156.5 -189.50542
157 -195.66029
157.5 -190.78233
158 -226.75621
158.5 -230.73723
159 -232.03279
159.5 -232.72964
160 -235.66971
160.5 -236.61868
161 -180.52473
161.5 -236.42468
162 -207.68484
162.5 -175.08884
163 -191.08182
163.5 -221.84695
164 -197.44583
164.5 -155.94702
165 -210.69192
165.5 -203.83292
166 -193.39917
166.5 -192.56351
167 -184.12311
167.5 -194.45001
168 -160.27608
168.5 -194.27646
169 -185.31741
169.5 -233.5593
170 -210.40511
170.5 -185.00415
171 -186.88541
171.5 -211.08195
172 -229.60681
172.5 -197.04355
173 -148.95825
173.5 -145.91084
174 -191.42799
174.5 -159.65121
175 -141.00296
175.5 -181.02408
176 -143.54558
176.5 -193.1878
177 -155.22977
177.5 -164.54193
178 -168.46915
178.5 -174.44772
179 -148.28099
179.5 -191.17493
180 -172.42546
