    0.000000  -53817.730469
    1.000000  -52175.972656
    2.000000  -52226.941406
    3.000000  -52201.753906
    4.000000  -52204.785156
    5.000000  -51964.359375
    6.000000  -51818.921875
    7.000000  -51941.554688
    8.000000  -51975.625000
    9.000000  -52092.410156
   10.000000  -51807.175781
   11.000000  -51329.468750
   12.000000  -51090.195312
   13.000000  -51344.210938
   14.000000  -51347.054688
   15.000000  -51151.570312
   16.000000  -51224.269531
   17.000000  -50744.902344
   18.000000  -50481.636719
   19.000000  -50185.683594
   20.000000  -50130.929688
   21.000000  -50052.363281
   22.000000  -49577.062500
   23.000000  -48940.925781
   24.000000  -49261.992188
   25.000000  -49495.937500
   26.000000  -49402.507812
   27.000000  -48980.500000
   28.000000  -48957.082031
   29.000000  -48301.980469
   30.000000  -47860.523438
   31.000000  -47527.019531
   32.000000  -47433.718750
   33.000000  -47024.714844
   34.000000  -46823.375000
   35.000000  -47000.789062
   36.000000  -46654.882812
   37.000000  -46308.843750
   38.000000  -46480.617188
   39.000000  -45565.355469
   40.000000  -45684.464844
   41.000000  -45376.699219
   42.000000  -45662.339844
   43.000000  -44943.355469
   44.000000  -44588.992188
   45.000000  -43922.476562
   46.000000  -43653.648438
   47.000000  -43842.167969
   48.000000  -42751.910156
   49.000000  -42958.664062
   50.000000  -42050.433594
   51.000000  -42046.503906
   52.000000  -40900.222656
   53.000000  -40601.789062
   54.000000  -40058.101562
   55.000000  -40248.683594
   56.000000  -38738.246094
   57.000000  -39083.890625
   58.000000  -37661.066406
   59.000000  -39244.523438
   60.000000  -37961.417969
   60.500000  -46044.492188
   61.000000  -45549.757812
   61.500000  -46439.160156
   62.000000  -46586.257812
   62.500000  -45863.898438
   63.000000  -46013.292969
   63.500000  -45910.910156
   64.000000  -45755.695312
   64.500000  -45753.898438
   65.000000  -45360.589844
   65.500000  -45779.035156
   66.000000  -45412.765625
   66.500000  -45627.375000
   67.000000  -46090.078125
   67.500000  -45836.808594
   68.000000  -46123.625000
   68.500000  -45252.007812
   69.000000  -45342.109375
   69.500000  -45637.191406
   70.000000  -45716.949219
   70.500000  -44965.546875
   71.000000  -44866.925781
   71.500000  -45100.238281
   72.000000  -45554.742188
   72.500000  -44723.996094
   73.000000  -44963.480469
   73.500000  -44478.441406
   74.000000  -44820.738281
   74.500000  -44505.195312
   75.000000  -44543.480469
   75.500000  -44571.632812
   76.000000  -45253.050781
   76.500000  -44795.898438
   77.000000  -44202.503906
   77.500000  -44579.796875
   78.000000  -44087.753906
   78.500000  -44490.585938
   79.000000  -44818.800781
   79.500000  -44399.703125
   80.000000  -44249.656250
   80.500000  -44654.980469
   81.000000  -43877.988281
   81.500000  -44220.347656
   82.000000  -44836.832031
   82.500000  -44091.996094
   83.000000  -43957.683594
   83.500000  -43541.882812
   84.000000  -44169.304688
   84.500000  -43982.378906
   85.000000  -44202.097656
   85.500000  -43691.835938
   86.000000  -43217.593750
   86.500000  -43559.488281
   87.000000  -43432.710938
   87.500000  -43638.437500
   88.000000  -43775.914062
   88.500000  -42841.601562
   89.000000  -42882.027344
   89.500000  -43276.285156
   90.000000  -42542.359375
   90.500000  -47958.500000
   91.000000  -47596.246094
   91.500000  -47607.058594
   92.000000  -48063.039062
   92.500000  -47756.531250
   93.000000  -47577.230469
   93.500000  -47549.628906
   94.000000  -48020.136719
   94.500000  -47523.453125
   95.000000  -48014.726562
   95.500000  -47446.062500
   96.000000  -47323.910156
   96.500000  -47571.371094
   97.000000  -46966.253906
   97.500000  -47346.707031
   98.000000  -47374.117188
   98.500000  -46987.351562
   99.000000  -47519.402344
   99.500000  -47784.609375
  100.000000  -47394.832031
  100.500000  -47470.574219
  101.000000  -48024.761719
  101.500000  -47047.671875
  102.000000  -47359.386719
  102.500000  -46912.824219
  103.000000  -47360.628906
  103.500000  -47462.425781
  104.000000  -47292.214844
  104.500000  -47540.332031
  105.000000  -47829.941406
  105.500000  -47727.011719
  106.000000  -47956.703125
  106.500000  -47402.757812
  107.000000  -47515.886719
  107.500000  -47514.757812
  108.000000  -47268.792969
  108.500000  -47073.519531
  109.000000  -47251.820312
  109.500000  -46691.320312
  110.000000  -47057.824219
  110.500000  -47138.171875
  111.000000  -46945.835938
  111.500000  -46971.976562
  112.000000  -47281.382812
  112.500000  -46393.699219
  113.000000  -47062.800781
  113.500000  -46985.281250
  114.000000  -46827.539062
  114.500000  -46481.425781
  115.000000  -46260.855469
  115.500000  -46865.691406
  116.000000  -46723.714844
  116.500000  -46360.109375
  117.000000  -46841.710938
  117.500000  -46721.500000
  118.000000  -45938.980469
  118.500000  -46301.675781
  119.000000  -46266.750000
  119.500000  -45789.652344
  120.000000  -46249.226562
  120.500000  -49820.937500
  121.000000  -49806.941406
  121.500000  -49425.917969
  122.000000  -49611.156250
  122.500000  -49093.066406
  123.000000  -49626.976562
  123.500000  -49214.445312
  124.000000  -49499.437500
  124.500000  -49549.859375
  125.000000  -49327.308594
  125.500000  -49421.273438
  126.000000  -49643.714844
  126.500000  -49483.207031
  127.000000  -49394.687500
  127.500000  -49259.406250
  128.000000  -48862.523438
  128.500000  -49429.273438
  129.000000  -49288.011719
  129.500000  -49282.308594
  130.000000  -48709.562500
  130.500000  -49090.453125
  131.000000  -48952.789062
  131.500000  -49466.160156
  132.000000  -49491.828125
  132.500000  -48634.332031
  133.000000  -49190.718750
  133.500000  -49586.527344
  134.000000  -48804.695312
  134.500000  -48610.273438
  135.000000  -48833.730469
  135.500000  -48946.468750
  136.000000  -48899.468750
  136.500000  -48666.085938
  137.000000  -49117.316406
  137.500000  -49015.878906
  138.000000  -48846.929688
  138.500000  -48541.792969
  139.000000  -48539.152344
  139.500000  -49013.496094
  140.000000  -48566.796875
  140.500000  -48883.335938
  141.000000  -48624.792969
  141.500000  -48046.585938
  142.000000  -48356.273438
  142.500000  -48584.265625
  143.000000  -48997.558594
  143.500000  -48430.304688
  144.000000  -48231.886719
  144.500000  -48288.742188
  145.000000  -48291.074219
  145.500000  -48166.867188
  146.000000  -48757.199219
  146.500000  -48567.500000
  147.000000  -48248.519531
  147.500000  -48250.082031
  148.000000  -48301.121094
  148.500000  -48906.375000
  149.000000  -48387.019531
  149.500000  -48511.742188
  150.000000  -48812.984375
  150.500000  -50370.554688
  151.000000  -50556.371094
  151.500000  -50151.406250
  152.000000  -50506.593750
  152.500000  -50653.121094
  153.000000  -50427.824219
  153.500000  -50643.035156
  154.000000  -50684.246094
  154.500000  -50667.851562
  155.000000  -51031.394531
  155.500000  -50311.582031
  156.000000  -50416.164062
  156.500000  -50092.789062
  157.000000  -50641.273438
  157.500000  -50262.882812
  158.000000  -50473.316406
  158.500000  -50297.164062
  159.000000  -49984.808594
  159.500000  -50115.746094
  160.000000  -50374.195312
  160.500000  -49885.429688
  161.000000  -50146.238281
  161.500000  -50117.359375
  162.000000  -50145.785156
  162.500000  -49815.519531
  163.000000  -50128.839844
  163.500000  -49634.855469
  164.000000  -49823.722656
  164.500000  -49988.257812
  165.000000  -50079.179688
  165.500000  -49457.500000
  166.000000  -50031.777344
  166.500000  -50204.824219
  167.000000  -49994.660156
  167.500000  -49560.753906
  168.000000  -49347.761719
  168.500000  -50342.191406
  169.000000  -50073.886719
  169.500000  -49798.460938
  170.000000  -49631.183594
  170.500000  -49765.468750
  171.000000  -50098.781250
  171.500000  -50133.902344
  172.000000  -49494.191406
  172.500000  -49978.281250
  173.000000  -49509.343750
  173.500000  -49712.343750
  174.000000  -49796.843750
  174.500000  -50238.863281
  175.000000  -49545.921875
  175.500000  -49144.906250
  176.000000  -50177.523438
  176.500000  -49611.519531
  177.000000  -49557.828125
  177.500000  -50237.953125
  178.000000  -49750.679688
  178.500000  -49957.406250
  179.000000  -49270.320312
  179.500000  -49648.035156
  180.000000  -49807.957031
  180.500000  -51550.906250
  181.000000  -51317.148438
  181.500000  -51398.953125
  182.000000  -51431.625000
  182.500000  -51087.203125
  183.000000  -51086.085938
  183.500000  -51441.281250
  184.000000  -50976.246094
  184.500000  -51166.632812
  185.000000  -51261.332031
  185.500000  -50646.355469
  186.000000  -50720.656250
  186.500000  -50525.710938
  187.000000  -50834.289062
  187.500000  -50437.046875
  188.000000  -51301.511719
  188.500000  -50710.410156
  189.000000  -50920.718750
  189.500000  -50847.480469
  190.000000  -50895.062500
  190.500000  -51057.195312
  191.000000  -51003.050781
  191.500000  -50962.601562
  192.000000  -51072.531250
  192.500000  -51028.085938
  193.000000  -50645.546875
  193.500000  -50116.480469
  194.000000  -50276.152344
  194.500000  -50984.058594
  195.000000  -50667.156250
  195.500000  -50389.515625
  196.000000  -50550.691406
  196.500000  -51236.726562
  197.000000  -50815.031250
  197.500000  -50505.121094
  198.000000  -50627.023438
  198.500000  -50372.167969
  199.000000  -50786.753906
  199.500000  -50342.148438
  200.000000  -50404.816406
  200.500000  -50730.781250
  201.000000  -49904.625000
  201.500000  -50109.644531
  202.000000  -50464.714844
  202.500000  -50477.921875
  203.000000  -50247.683594
  203.500000  -50235.222656
  204.000000  -49806.730469
  204.500000  -50335.843750
  205.000000  -50177.175781
  205.500000  -50190.859375
  206.000000  -50217.199219
  206.500000  -50494.785156
  207.000000  -50395.656250
  207.500000  -50284.230469
  208.000000  -49998.585938
  208.500000  -50373.589844
  209.000000  -50158.128906
  209.500000  -49822.539062
  210.000000  -49812.644531
  210.500000  -51575.109375
  211.000000  -51439.312500
  211.500000  -51578.171875
  212.000000  -51307.929688
  212.500000  -51558.261719
  213.000000  -51257.628906
  213.500000  -51279.996094
  214.000000  -51160.507812
  214.500000  -51079.839844
  215.000000  -50750.804688
  215.500000  -51178.601562
  216.000000  -51080.175781
  216.500000  -51118.734375
  217.000000  -51378.816406
  217.500000  -50924.843750
  218.000000  -51128.730469
  218.500000  -51017.804688
  219.000000  -51221.523438
  219.500000  -51076.421875
  220.000000  -50769.304688
  220.500000  -50378.867188
  221.000000  -51295.042969
  221.500000  -50957.894531
  222.000000  -51132.957031
  222.500000  -51169.691406
  223.000000  -50986.078125
  223.500000  -50883.800781
  224.000000  -50986.777344
  224.500000  -51122.925781
  225.000000  -50743.554688
  225.500000  -50829.554688
  226.000000  -50826.496094
  226.500000  -50640.937500
  227.000000  -50663.460938
  227.500000  -51137.953125
  228.000000  -50797.453125
  228.500000  -51065.804688
  229.000000  -50947.109375
  229.500000  -50648.277344
  230.000000  -50988.468750
  230.500000  -50733.054688
  231.000000  -50755.882812
  231.500000  -51116.226562
  232.000000  -50754.785156
  232.500000  -50094.882812
  233.000000  -50914.027344
  233.500000  -50613.273438
  234.000000  -50327.359375
  234.500000  -50483.394531
  235.000000  -50819.960938
  235.500000  -50427.605469
  236.000000  -50664.281250
  236.500000  -50142.414062
  237.000000  -50169.945312
  237.500000  -50741.171875
  238.000000  -50136.363281
  238.500000  -50138.488281
  239.000000  -50491.234375
  239.500000  -50181.386719
  240.000000  -50383.425781
  240.500000  -49939.636719
  241.000000  -50055.351562
  241.500000  -50149.359375
  242.000000  -50295.488281
  242.500000  -50206.718750
  243.000000  -50165.402344
  243.500000  -49887.660156
  244.000000  -50035.257812
  244.500000  -50193.203125
  245.000000  -49726.953125
  245.500000  -49484.617188
  246.000000  -50225.078125
  246.500000  -49937.015625
  247.000000  -49928.101562
  247.500000  -49838.808594
  248.000000  -50479.843750
  248.500000  -50055.953125
  249.000000  -50095.039062
  249.500000  -50022.222656
  250.000000  -50246.558594
  250.500000  -49443.113281
  251.000000  -50165.023438
  251.500000  -50184.285156
  252.000000  -49935.160156
  252.500000  -50089.835938
  253.000000  -50014.550781
  253.500000  -49647.660156
  254.000000  -49705.445312
  254.500000  -49377.605469
  255.000000  -49785.039062
  255.500000  -49444.878906
  256.000000  -49467.347656
  256.500000  -50051.535156
  257.000000  -49516.519531
  257.500000  -50138.335938
  258.000000  -49789.445312
  258.500000  -49966.175781
  259.000000  -49667.601562
  259.500000  -49432.500000
  260.000000  -49172.199219
  260.500000  -49291.539062
  261.000000  -49025.398438
  261.500000  -49809.453125
  262.000000  -49434.332031
  262.500000  -49406.890625
  263.000000  -49213.679688
  263.500000  -49355.835938
  264.000000  -49313.085938
  264.500000  -49383.328125
  265.000000  -49087.558594
  265.500000  -49571.453125
  266.000000  -49291.910156
  266.500000  -49774.527344
  267.000000  -49272.332031
  267.500000  -49641.804688
  268.000000  -49257.753906
  268.500000  -49250.066406
  269.000000  -49130.777344
  269.500000  -48804.375000
  270.000000  -49219.156250
  270.500000  -51274.511719
  271.000000  -51770.554688
  271.500000  -51131.496094
  272.000000  -51208.140625
  272.500000  -51269.378906
  273.000000  -51166.898438
  273.500000  -50889.648438
  274.000000  -51398.148438
  274.500000  -51121.855469
  275.000000  -51152.679688
  275.500000  -50869.714844
  276.000000  -51462.671875
  276.500000  -51123.238281
  277.000000  -51208.820312
  277.500000  -51176.460938
  278.000000  -51121.472656
  278.500000  -50569.816406
  279.000000  -50656.800781
  279.500000  -50724.757812
  280.000000  -50734.265625
  280.500000  -51060.593750
  281.000000  -50213.250000
  281.500000  -50717.812500
  282.000000  -50243.660156
  282.500000  -50832.082031
  283.000000  -50445.324219
  283.500000  -50646.726562
  284.000000  -50153.734375
  284.500000  -50316.714844
  285.000000  -50424.417969
  285.500000  -50403.875000
  286.000000  -49997.906250
  286.500000  -50600.710938
  287.000000  -50041.773438
  287.500000  -50792.738281
  288.000000  -50494.394531
  288.500000  -50402.738281
  289.000000  -50189.414062
  289.500000  -50118.722656
  290.000000  -50105.535156
  290.500000  -50329.710938
  291.000000  -50611.898438
  291.500000  -50635.511719
  292.000000  -50001.738281
  292.500000  -50347.179688
  293.000000  -50140.597656
  293.500000  -50226.808594
  294.000000  -50230.839844
  294.500000  -50252.953125
  295.000000  -50367.601562
  295.500000  -49973.675781
  296.000000  -49967.875000
  296.500000  -50059.976562
  297.000000  -49717.816406
  297.500000  -50456.050781
  298.000000  -50124.671875
  298.500000  -50416.242188
  299.000000  -50047.628906
  299.500000  -49953.429688
  300.000000  -50066.468750
