    0.000000   88.477150
    1.000000   91.198669
    2.000000   87.202019
    3.000000   85.545128
    4.000000   98.499451
    5.000000   97.103897
    6.000000   89.384567
    7.000000   91.232262
    8.000000  110.281815
    9.000000   96.903282
   10.000000  102.687202
   11.000000  119.896629
   12.000000   97.783401
   13.000000  104.587212
   14.000000  114.798088
   15.000000   99.945885
   16.000000   90.931908
   17.000000  109.484421
   18.000000  103.802109
   19.000000   94.918144
   20.000000   99.277336
   21.000000  109.136139
   22.000000  118.426094
   23.000000  113.131348
   24.000000  114.399323
   25.000000  104.693962
   26.000000   74.399422
   27.000000   88.632927
   28.000000   99.719772
   29.000000   95.385498
   30.000000  100.489273
   31.000000   97.464371
   32.000000  125.066635
   33.000000  102.662994
   34.000000  102.253983
   35.000000   98.303406
   36.000000  115.972435
   37.000000  105.037445
   38.000000  122.897415
   39.000000  109.462181
   40.000000  105.059647
   41.000000  110.143959
   42.000000  107.966911
   43.000000  109.085335
   44.000000  125.722542
   45.000000  118.417061
   46.000000  103.140404
   47.000000  107.810928
   48.000000  111.059120
   49.000000  119.114891
   50.000000  110.719841
   51.000000  108.612114
   52.000000  118.792953
   53.000000  121.362373
   54.000000  120.291290
   55.000000  106.713310
   56.000000  104.638824
   57.000000  113.381767
   58.000000  105.595474
   59.000000  115.814941
   60.000000  133.279083
   60.000000  133.007217
   60.500000  100.181442
   61.000000  111.072975
   61.500000  110.773338
   62.000000  105.041206
   62.500000  107.314987
   63.000000  100.309875
   63.500000  108.819748
   64.000000  105.988617
   64.500000  112.456848
   65.000000  110.470963
   65.500000  118.964638
   66.000000  113.736618
   66.500000   93.781822
   67.000000  119.609200
   67.500000  129.335571
   68.000000  106.632347
   68.500000  128.536896
   69.000000  125.045067
   69.500000  113.860710
   70.000000  141.959503
   70.500000  101.624504
   71.000000   93.226608
   71.500000  106.908150
   72.000000  121.086021
   72.500000  131.524139
   73.000000   96.983215
   73.500000  119.045059
   74.000000  107.891403
   74.500000  131.861816
   75.000000  108.752678
   75.500000  113.646568
   76.000000  118.683922
   76.500000  128.531097
   77.000000  111.094147
   77.500000  103.606804
   78.000000  118.966301
   78.500000  132.536896
   79.000000  131.017929
   79.500000  108.492783
   80.000000  133.108948
   80.500000  117.671532
   81.000000  103.216469
   81.500000  115.351089
   82.000000  106.855354
   82.500000  126.533279
   83.000000  126.881905
   83.500000  106.762077
   84.000000  108.137535
   84.500000  112.234810
   85.000000  113.565117
   85.500000  113.581642
   86.000000  120.929031
   86.500000  120.199745
   87.000000  118.856232
   87.500000  126.215706
   88.000000  121.678940
   88.500000  114.702553
   89.000000  105.484055
   89.500000  111.042053
   90.000000  129.834503
   90.000000  130.020798
   90.500000  113.434265
   91.000000  101.816879
   91.500000  112.039825
   92.000000  105.156700
   92.500000  101.908615
   93.000000  106.786858
   93.500000  110.679413
   94.000000  100.864868
   94.500000  102.244652
   95.000000   95.969337
   95.500000  119.108063
   96.000000  101.073212
   96.500000  100.664780
   97.000000  120.950783
   97.500000  111.333595
   98.000000  102.006737
   98.500000   99.149879
   99.000000  102.974724
   99.500000  106.925591
  100.000000   98.511322
  100.500000   97.973824
  101.000000  104.089462
  101.500000  115.946861
  102.000000   94.610321
  102.500000  108.321968
  103.000000  115.093536
  103.500000  101.712296
  104.000000  122.310799
  104.500000  105.555237
  105.000000  107.143341
  105.500000  117.822014
  106.000000   97.655548
  106.500000  107.131401
  107.000000  116.745346
  107.500000  113.924286
  108.000000   92.597359
  108.500000   93.588425
  109.000000   95.778183
  109.500000  103.295143
  110.000000  108.256477
  110.500000   95.774017
  111.000000  105.908630
  111.500000  100.632919
  112.000000  106.991463
  112.500000  109.975403
  113.000000  124.035385
  113.500000  108.466850
  114.000000  116.581627
  114.500000  106.065552
  115.000000  107.850639
  115.500000   95.177322
  116.000000  104.057556
  116.500000  121.041039
  117.000000  121.572540
  117.500000   97.708786
  118.000000  110.999542
  118.500000  107.469360
  119.000000  114.635155
  119.500000  107.180504
  120.000000  110.068542
  120.000000  110.075806
  120.500000   91.302536
  121.000000   92.092461
  121.500000   90.020805
  122.000000   96.845665
  122.500000   88.477554
  123.000000   97.277008
  123.500000   83.944031
  124.000000  101.633583
  124.500000  102.939415
  125.000000   98.872047
  125.500000  117.903938
  126.000000   98.283829
  126.500000  101.098770
  127.000000  101.372444
  127.500000  109.305183
  128.000000  107.209587
  128.500000   99.543121
  129.000000   97.535812
  129.500000  110.988533
  130.000000  108.954697
  130.500000  102.541595
  131.000000  119.598610
  131.500000  104.513031
  132.000000  109.570732
  132.500000  101.843735
  133.000000  114.296173
  133.500000   99.368362
  134.000000  101.533142
  134.500000  114.655724
  135.000000  123.662483
  135.500000  121.681412
  136.000000  113.091270
  136.500000  107.249428
  137.000000  106.904800
  137.500000  103.218605
  138.000000  113.124695
  138.500000   97.483078
  139.000000  111.433014
  139.500000   95.341820
  140.000000  114.174011
  140.500000  104.169891
  141.000000  112.567398
  141.500000   97.118217
  142.000000  104.512321
  142.500000  132.435989
  143.000000  105.208443
  143.500000  107.469093
  144.000000  100.218819
  144.500000   93.013802
  145.000000  119.211655
  145.500000  110.917587
  146.000000  133.037689
  146.500000   97.521896
  147.000000  105.637917
  147.500000  116.046112
  148.000000  100.354431
  148.500000   98.690933
  149.000000  101.976105
  149.500000   94.292625
  150.000000   91.367470
  150.000000   91.312904
  150.500000   97.994141
  151.000000   93.436569
  151.500000  102.308823
  152.000000   94.014519
  152.500000   97.615685
  153.000000  103.016228
  153.500000  102.057861
  154.000000   94.215439
  154.500000   97.199165
  155.000000  104.044411
  155.500000   99.165718
  156.000000   83.191017
  156.500000   96.909027
  157.000000   93.860283
  157.500000   96.067062
  158.000000   94.400314
  158.500000   96.508629
  159.000000   98.601913
  159.500000   95.762817
  160.000000  100.090881
  160.500000   91.167023
  161.000000   96.480644
  161.500000  104.696404
  162.000000   91.351662
  162.500000   90.592407
  163.000000   99.322174
  163.500000  104.850685
  164.000000   98.291130
  164.500000  103.260994
  165.000000  103.327217
  165.500000   99.850723
  166.000000   81.711090
  166.500000  106.336464
  167.000000   93.357224
  167.500000  102.333488
  168.000000   90.848343
  168.500000   94.369614
  169.000000  100.901009
  169.500000   89.731781
  170.000000  101.219788
  170.500000  100.520721
  171.000000   97.989136
  171.500000  108.384682
  172.000000   98.996201
  172.500000  102.990578
  173.000000  105.402466
  173.500000  103.538460
  174.000000   91.150024
  174.500000   91.836243
  175.000000   86.803932
  175.500000   90.487465
  176.000000   95.485229
  176.500000  104.560234
  177.000000   91.993195
  177.500000   93.201645
  178.000000  102.854507
  178.500000  106.850471
  179.000000   98.021675
  179.500000   91.108505
  180.000000  108.693550
  180.000000  108.573448
  180.500000   84.655891
  181.000000   90.208183
  181.500000   97.676704
  182.000000  100.737427
  182.500000  101.470894
  183.000000   83.266762
  183.500000   97.306885
  184.000000   91.311356
  184.500000  103.408768
  185.000000   88.615379
  185.500000   97.244759
  186.000000  109.607246
  186.500000   90.555733
  187.000000   91.290863
  187.500000  113.883812
  188.000000   88.965919
  188.500000  111.592140
  189.000000  106.337685
  189.500000  102.508430
  190.000000   97.390503
  190.500000   96.227951
  191.000000  103.533028
  191.500000  104.829399
  192.000000   96.840469
  192.500000  100.889191
  193.000000  100.593819
  193.500000   93.476784
  194.000000   89.571228
  194.500000   92.159950
  195.000000   94.765282
  195.500000   92.993393
  196.000000  102.476479
  196.500000  102.881126
  197.000000  103.060837
  197.500000   88.887939
  198.000000  105.968803
  198.500000   96.514999
  199.000000   93.206802
  199.500000   88.168167
  200.000000  101.934776
  200.500000   94.721611
  201.000000   94.217361
  201.500000   86.559196
  202.000000  100.539864
  202.500000   92.800980
  203.000000   99.112488
  203.500000   94.333084
  204.000000   94.887726
  204.500000   99.775032
  205.000000   95.284859
  205.500000   99.682587
  206.000000  103.858871
  206.500000   99.261520
  207.000000  112.071991
  207.500000   92.169594
  208.000000   86.196556
  208.500000   86.422882
  209.000000   97.186638
  209.500000   93.433968
  210.000000   98.785088
  210.000000   98.708603
  210.500000  104.172691
  211.000000  100.863083
  211.500000   92.336578
  212.000000   87.266251
  212.500000   85.931206
  213.000000   97.567726
  213.500000  104.186150
  214.000000  101.796638
  214.500000   95.951416
  215.000000   88.558304
  215.500000   86.482346
  216.000000   86.319717
  216.500000   91.587875
  217.000000   93.432701
  217.500000   98.361435
  218.000000  104.719109
  218.500000  104.777275
  219.000000  100.442467
  219.500000   95.792389
  220.000000   95.537140
  220.500000   94.176880
  221.000000   89.397362
  221.500000   89.042671
  222.000000   97.918968
  222.500000  100.753426
  223.000000  107.624405
  223.500000   95.848938
  224.000000   90.521492
  224.500000   94.157120
  225.000000   92.568657
  225.500000   86.080704
  226.000000   99.229103
  226.500000   93.543503
  227.000000  100.518860
  227.500000  106.307220
  228.000000   91.927757
  228.500000   98.262848
  229.000000   93.653526
  229.500000   91.095940
  230.000000  100.856102
  230.500000  107.375931
  231.000000  102.225266
  231.500000   89.432343
  232.000000  103.577232
  232.500000  101.625847
  233.000000  100.896439
  233.500000   87.007477
  234.000000   99.106705
  234.500000   88.491890
  235.000000   92.682419
  235.500000   97.620033
  236.000000   88.665588
  236.500000   98.736671
  237.000000   90.226280
  237.500000   92.340057
  238.000000  100.022568
  238.500000   98.909912
  239.000000   91.748695
  239.500000  107.683662
  240.000000   96.341774
  240.500000   97.193237
  241.000000  106.363113
  241.500000   92.096260
  242.000000   90.963669
  242.500000   90.771896
  243.000000  100.988174
  243.500000  102.111427
  244.000000  103.212723
  244.500000   93.600876
  245.000000  100.943420
  245.500000   97.588326
  246.000000   91.868233
  246.500000   89.735146
  247.000000  111.162399
  247.500000   97.536774
  248.000000  108.506416
  248.500000   98.922607
  249.000000   87.239319
  249.500000   96.363487
  250.000000   87.540443
  250.500000  102.436348
  251.000000  105.312431
  251.500000   94.480339
  252.000000   95.453461
  252.500000  104.537888
  253.000000  101.694016
  253.500000   99.356483
  254.000000  108.009422
  254.500000   94.259888
  255.000000  109.538063
  255.500000  103.563950
  256.000000  108.971848
  256.500000   88.340935
  257.000000   95.799622
  257.500000  107.539261
  258.000000   99.533813
  258.500000  101.557014
  259.000000  104.216377
  259.500000  108.822952
  260.000000  105.166252
  260.500000   84.007896
  261.000000  111.890640
  261.500000  104.971367
  262.000000   87.529533
  262.500000   96.297577
  263.000000  127.835602
  263.500000  115.165085
  264.000000  103.354965
  264.500000   98.124893
  265.000000  113.004532
  265.500000  100.484093
  266.000000  104.653481
  266.500000  114.283531
  267.000000  101.232391
  267.500000  105.064545
  268.000000  103.319542
  268.500000  128.481140
  269.000000  113.969826
  269.500000  111.095436
  270.000000  115.955383
  270.000000  115.770683
  270.500000   96.245293
  271.000000   94.841232
  271.500000   92.462830
  272.000000   87.004021
  272.500000  104.713852
  273.000000  107.483513
  273.500000  104.911110
  274.000000  108.133827
  274.500000   99.309212
  275.000000   98.444862
  275.500000   99.813545
  276.000000  101.973335
  276.500000   87.493141
  277.000000  111.084511
  277.500000   94.938942
  278.000000  103.458771
  278.500000   97.423782
  279.000000   87.664955
  279.500000  100.939003
  280.000000   92.993645
  280.500000   97.623299
  281.000000   87.057289
  281.500000   94.600403
  282.000000   95.830803
  282.500000   93.547180
  283.000000   92.640305
  283.500000   92.426476
  284.000000   94.008606
  284.500000   92.891502
  285.000000  102.202950
  285.500000  106.041283
  286.000000  104.442886
  286.500000  103.079048
  287.000000   99.177116
  287.500000  102.568687
  288.000000  106.598206
  288.500000  121.340042
  289.000000  108.919022
  289.500000   92.531761
  290.000000  100.512856
  290.500000  101.381996
  291.000000  115.793716
  291.500000  104.482033
  292.000000  107.216759
  292.500000   91.972855
  293.000000  110.759552
  293.500000  107.262093
  294.000000  107.868706
  294.500000  100.705498
  295.000000   95.167770
  295.500000   89.820374
  296.000000  109.935730
  296.500000   91.749542
  297.000000   99.588242
  297.500000   97.488464
  298.000000  114.411743
  298.500000  106.107903
  299.000000  109.531013
  299.500000   96.698639
  300.000000   98.528259
