    0.000000  210839.515625
    1.000000  224592.546875
    2.000000  228160.375000
    3.000000  232932.750000
    4.000000  235509.984375
    5.000000  239748.328125
    6.000000  242851.265625
    7.000000  246365.234375
    8.000000  250626.750000
    9.000000  254315.671875
   10.000000  256215.390625
   11.000000  260847.968750
   12.000000  264105.562500
   13.000000  268385.937500
   14.000000  272549.812500
   15.000000  275227.906250
   16.000000  278766.406250
   17.000000  284337.875000
   18.000000  288265.406250
   19.000000  292075.281250
   20.000000  299358.250000
   21.000000  303036.406250
   22.000000  307222.812500
   23.000000  310847.531250
   24.000000  317659.562500
   25.000000  322960.218750
   26.000000  325221.937500
   27.000000  330781.500000
   28.000000  336526.250000
   29.000000  341524.812500
   30.000000  346722.250000
   31.000000  353975.687500
   32.000000  356616.656250
   33.000000  362075.625000
   34.000000  370847.531250
   35.000000  375294.625000
   36.000000  381848.437500
   37.000000  389739.781250
   38.000000  395771.062500
   39.000000  401469.906250
   40.000000  406718.718750
   41.000000  417150.937500
   42.000000  421771.468750
   43.000000  430516.343750
   44.000000  436654.500000
   45.000000  441304.687500
   46.000000  451291.687500
   47.000000  457706.062500
   48.000000  467188.718750
   49.000000  475058.937500
   50.000000  479437.593750
   51.000000  487143.062500
   52.000000  497069.062500
   53.000000  506841.968750
   54.000000  510522.031250
   55.000000  520125.312500
   56.000000  533416.875000
   57.000000  543195.312500
   58.000000  550596.375000
   59.000000  559820.625000
   60.000000  568285.875000
    0.000000  568278.687500
    0.500000  391999.500000
    1.000000  392846.812500
    1.500000  390958.406250
    2.000000  394174.000000
    2.500000  392459.375000
    3.000000  395174.250000
    3.500000  396202.093750
    4.000000  396630.437500
    4.500000  397781.218750
    5.000000  398527.625000
    5.500000  400951.625000
    6.000000  401688.687500
    6.500000  403601.562500
    7.000000  406995.593750
    7.500000  403020.000000
    8.000000  402350.656250
    8.500000  407995.187500
    9.000000  404349.437500
    9.500000  409130.375000
   10.000000  409336.375000
   10.500000  412290.812500
   11.000000  413741.812500
   11.500000  412455.468750
   12.000000  415940.000000
   12.500000  416500.875000
   13.000000  416986.250000
   13.500000  418923.500000
   14.000000  421159.062500
   14.500000  422802.000000
   15.000000  424374.031250
   15.500000  428041.625000
   16.000000  426948.437500
   16.500000  425888.375000
   17.000000  428244.593750
   17.500000  430335.312500
   18.000000  430079.875000
   18.500000  433550.656250
   19.000000  433451.593750
   19.500000  438049.156250
   20.000000  438046.531250
   20.500000  439307.562500
   21.000000  441410.156250
   21.500000  442839.625000
   22.000000  443335.000000
   22.500000  443505.875000
   23.000000  446235.437500
   23.500000  447537.343750
   24.000000  446568.375000
   24.500000  448817.500000
   25.000000  451950.343750
   25.500000  451056.687500
   26.000000  451289.468750
   26.500000  455890.468750
   27.000000  455087.093750
   27.500000  455775.843750
   28.000000  462751.906250
   28.500000  460272.968750
   29.000000  461956.718750
   29.500000  461567.187500
   30.000000  464660.562500
    0.000000  464717.687500
    0.500000  341397.843750
    1.000000  342699.093750
    1.500000  344016.218750
    2.000000  344148.125000
    2.500000  345353.593750
    3.000000  347601.062500
    3.500000  343605.093750
    4.000000  348609.562500
    4.500000  348497.250000
    5.000000  348632.656250
    5.500000  348902.687500
    6.000000  349707.437500
    6.500000  351459.718750
    7.000000  351595.906250
    7.500000  351932.875000
    8.000000  351574.906250
    8.500000  351421.843750
    9.000000  355263.250000
    9.500000  354417.937500
   10.000000  355034.093750
   10.500000  356915.187500
   11.000000  357190.562500
   11.500000  358777.031250
   12.000000  359457.500000
   12.500000  361924.687500
   13.000000  361215.906250
   13.500000  360648.812500
   14.000000  362378.375000
   14.500000  363438.593750
   15.000000  364567.968750
   15.500000  365639.625000
   16.000000  366298.000000
   16.500000  367789.812500
   17.000000  367489.875000
   17.500000  367443.500000
   18.000000  368785.312500
   18.500000  371165.468750
   19.000000  370110.187500
   19.500000  373383.687500
   20.000000  374648.218750
   20.500000  375494.562500
   21.000000  375449.531250
   21.500000  371805.250000
   22.000000  379618.906250
   22.500000  377661.937500
   23.000000  378530.375000
   23.500000  379316.500000
   24.000000  378349.500000
   24.500000  382035.843750
   25.000000  382392.687500
   25.500000  382508.031250
   26.000000  383633.562500
   26.500000  385676.687500
   27.000000  386712.500000
   27.500000  386650.218750
   28.000000  385489.500000
   28.500000  387224.406250
   29.000000  385969.250000
   29.500000  386224.187500
   30.000000  391931.906250
    0.000000  391948.906250
    0.500000  305883.718750
    1.000000  307456.500000
    1.500000  306831.687500
    2.000000  307307.343750
    2.500000  308213.062500
    3.000000  307867.531250
    3.500000  310478.125000
    4.000000  311135.187500
    4.500000  310914.500000
    5.000000  310361.156250
    5.500000  312944.218750
    6.000000  313531.718750
    6.500000  313792.187500
    7.000000  313704.531250
    7.500000  315325.062500
    8.000000  314154.312500
    8.500000  316098.375000
    9.000000  318178.531250
    9.500000  317501.375000
   10.000000  317994.656250
   10.500000  319487.093750
   11.000000  320086.281250
   11.500000  319515.968750
   12.000000  320158.875000
   12.500000  322023.500000
   13.000000  322266.656250
   13.500000  321975.218750
   14.000000  323304.906250
   14.500000  324674.312500
   15.000000  325085.718750
   15.500000  323414.937500
   16.000000  326389.156250
   16.500000  329061.812500
   17.000000  328140.843750
   17.500000  330250.750000
   18.000000  329226.312500
   18.500000  328471.500000
   19.000000  332297.687500
   19.500000  332368.437500
   20.000000  332349.531250
   20.500000  332921.500000
   21.000000  333950.812500
   21.500000  333588.875000
   22.000000  335517.812500
   22.500000  335443.156250
   23.000000  336984.375000
   23.500000  332743.875000
   24.000000  337782.093750
   24.500000  337892.812500
   25.000000  339735.218750
   25.500000  339199.750000
   26.000000  340424.968750
   26.500000  340251.437500
   27.000000  339306.250000
   27.500000  341584.468750
   28.000000  343806.031250
   28.500000  343570.000000
   29.000000  345930.156250
   29.500000  345207.750000
   30.000000  344872.406250
    0.000000  344913.343750
    0.500000  281607.843750
    1.000000  284064.312500
    1.500000  284438.593750
    2.000000  284004.531250
    2.500000  284832.593750
    3.000000  285693.437500
    3.500000  286878.406250
    4.000000  288405.875000
    4.500000  288951.312500
    5.000000  290106.843750
    5.500000  290159.531250
    6.000000  291132.062500
    6.500000  290621.812500
    7.000000  291209.218750
    7.500000  292172.093750
    8.000000  292835.062500
    8.500000  293139.718750
    9.000000  295110.500000
    9.500000  295372.250000
   10.000000  294917.781250
   10.500000  295192.843750
   11.000000  295557.406250
   11.500000  297822.500000
   12.000000  297464.031250
   12.500000  298515.156250
   13.000000  298275.375000
   13.500000  298912.531250
   14.000000  299855.125000
   14.500000  302939.187500
   15.000000  301907.593750
   15.500000  302556.093750
   16.000000  303519.593750
   16.500000  304321.968750
   17.000000  304794.312500
   17.500000  303805.625000
   18.000000  304789.156250
   18.500000  305028.218750
   19.000000  307654.375000
   19.500000  307151.812500
   20.000000  307711.562500
   20.500000  309213.687500
   21.000000  310622.687500
   21.500000  311131.312500
   22.000000  309179.281250
   22.500000  311378.656250
   23.000000  312197.718750
   23.500000  312108.437500
   24.000000  312866.125000
   24.500000  314455.375000
   25.000000  314042.656250
   25.500000  315591.218750
   26.000000  315265.750000
   26.500000  315986.750000
   27.000000  315498.406250
   27.500000  319022.093750
   28.000000  317623.968750
   28.500000  320066.250000
   29.000000  319344.968750
   29.500000  320290.812500
   30.000000  321810.875000
    0.000000  321858.281250
    0.500000  270095.875000
    1.000000  270603.562500
    1.500000  271457.718750
    2.000000  272289.062500
    2.500000  272883.437500
    3.000000  273446.906250
    3.500000  275903.906250
    4.000000  277019.937500
    4.500000  275701.562500
    5.000000  275937.156250
    5.500000  276198.062500
    6.000000  279129.968750
    6.500000  278946.125000
    7.000000  278473.156250
    7.500000  278514.281250
    8.000000  278979.750000
    8.500000  281288.187500
    9.000000  281407.687500
    9.500000  282137.468750
   10.000000  282782.968750
   10.500000  283958.468750
   11.000000  282935.125000
   11.500000  286463.375000
   12.000000  283593.718750
   12.500000  284751.468750
   13.000000  285648.875000
   13.500000  286730.906250
   14.000000  287327.625000
   14.500000  286726.593750
   15.000000  287515.906250
   15.500000  288287.281250
   16.000000  288643.875000
   16.500000  291284.843750
   17.000000  289310.968750
   17.500000  292347.656250
   18.000000  290664.875000
   18.500000  292166.843750
   19.000000  292807.812500
   19.500000  291184.281250
   20.000000  294901.656250
   20.500000  296201.187500
   21.000000  294701.718750
   21.500000  296876.125000
   22.000000  296258.218750
   22.500000  297749.125000
   23.000000  298896.062500
   23.500000  298673.687500
   24.000000  298195.968750
   24.500000  298602.906250
   25.000000  300463.125000
   25.500000  299824.281250
   26.000000  303064.625000
   26.500000  300900.156250
   27.000000  303879.843750
   27.500000  302710.812500
   28.000000  302863.781250
   28.500000  303989.781250
   29.000000  303184.968750
   29.500000  305722.687500
   30.000000  305668.968750
    0.000000  305698.437500
    0.500000  263628.843750
    1.000000  262564.812500
    1.500000  262962.125000
    2.000000  262867.406250
    2.500000  265983.625000
    3.000000  264650.000000
    3.500000  266572.593750
    4.000000  267736.906250
    4.500000  267855.125000
    5.000000  268082.406250
    5.500000  268715.937500
    6.000000  269103.687500
    6.500000  269979.250000
    7.000000  271106.843750
    7.500000  272519.562500
    8.000000  272346.718750
    8.500000  272272.062500
    9.000000  272565.093750
    9.500000  273300.625000
   10.000000  274564.437500
   10.500000  272867.375000
   11.000000  273830.437500
   11.500000  276068.906250
   12.000000  275277.031250
   12.500000  276317.156250
   13.000000  276295.125000
   13.500000  278011.093750
   14.000000  276761.312500
   14.500000  278739.875000
   15.000000  278310.843750
   15.500000  280774.875000
   16.000000  280074.968750
   16.500000  280485.437500
   17.000000  279128.750000
   17.500000  282454.343750
   18.000000  282142.000000
   18.500000  283162.656250
   19.000000  284224.781250
   19.500000  283594.750000
   20.000000  284497.312500
   20.500000  285610.687500
   21.000000  287790.625000
   21.500000  286681.218750
   22.000000  288063.937500
   22.500000  288316.093750
   23.000000  288180.031250
   23.500000  289530.500000
   24.000000  290902.687500
   24.500000  291661.718750
   25.000000  289490.406250
   25.500000  288714.968750
   26.000000  291241.750000
   26.500000  293003.312500
   27.000000  292764.375000
   27.500000  295838.656250
   28.000000  293791.187500
   28.500000  294234.468750
   29.000000  295467.375000
   29.500000  295413.625000
   30.000000  294400.718750
   30.500000  296035.250000
   31.000000  296398.937500
   31.500000  297709.031250
   32.000000  298441.625000
   32.500000  298672.187500
   33.000000  299564.812500
   33.500000  300279.375000
   34.000000  300496.500000
   34.500000  302325.312500
   35.000000  300627.437500
   35.500000  304108.718750
   36.000000  302469.562500
   36.500000  303513.562500
   37.000000  305555.468750
   37.500000  304218.468750
   38.000000  306281.937500
   38.500000  307304.468750
   39.000000  305881.656250
   39.500000  309050.593750
   40.000000  308154.750000
   40.500000  308525.437500
   41.000000  310184.812500
   41.500000  312069.500000
   42.000000  312103.906250
   42.500000  313899.625000
   43.000000  311484.156250
   43.500000  312501.187500
   44.000000  313281.750000
   44.500000  314397.812500
   45.000000  313787.531250
   45.500000  314453.312500
   46.000000  317182.562500
   46.500000  315257.343750
   47.000000  318146.500000
   47.500000  317656.718750
   48.000000  317031.218750
   48.500000  319109.562500
   49.000000  318825.625000
   49.500000  319311.468750
   50.000000  318630.031250
   50.500000  320215.562500
   51.000000  321936.750000
   51.500000  321118.312500
   52.000000  322458.343750
   52.500000  323653.375000
   53.000000  320928.906250
   53.500000  322512.593750
   54.000000  324383.281250
   54.500000  324834.593750
   55.000000  325153.968750
   55.500000  327408.500000
   56.000000  328392.156250
   56.500000  327344.250000
   57.000000  328584.781250
   57.500000  332357.343750
   58.000000  331062.062500
   58.500000  330294.687500
   59.000000  333032.750000
   59.500000  331030.093750
   60.000000  333654.593750
    0.000000  333708.312500
    0.500000  275587.343750
    1.000000  276508.031250
    1.500000  276930.343750
    2.000000  279299.187500
    2.500000  279039.031250
    3.000000  279723.625000
    3.500000  280100.500000
    4.000000  279540.375000
    4.500000  281731.281250
    5.000000  281466.187500
    5.500000  281902.031250
    6.000000  283584.875000
    6.500000  286017.437500
    7.000000  285307.656250
    7.500000  285602.468750
    8.000000  284925.968750
    8.500000  287992.406250
    9.000000  288246.343750
    9.500000  287471.062500
   10.000000  290003.875000
   10.500000  289759.625000
   11.000000  291119.093750
   11.500000  289265.968750
   12.000000  290059.531250
   12.500000  290800.593750
   13.000000  290908.468750
   13.500000  294520.687500
   14.000000  293098.750000
   14.500000  294574.625000
   15.000000  294297.343750
   15.500000  295628.656250
   16.000000  295867.875000
   16.500000  297917.281250
   17.000000  296652.187500
   17.500000  299767.656250
   18.000000  299402.156250
   18.500000  298921.531250
   19.000000  300328.625000
   19.500000  299750.281250
   20.000000  302849.062500
   20.500000  302301.562500
   21.000000  301961.687500
   21.500000  303879.500000
   22.000000  304175.906250
   22.500000  304113.937500
   23.000000  306125.593750
   23.500000  308186.750000
   24.000000  306252.593750
   24.500000  307731.687500
   25.000000  307586.375000
   25.500000  306567.031250
   26.000000  309412.062500
   26.500000  308261.687500
   27.000000  309174.625000
   27.500000  310967.750000
   28.000000  310201.593750
   28.500000  311503.468750
   29.000000  311902.718750
   29.500000  312538.093750
   30.000000  311995.625000
