    0.000000  55344.156250
    1.000000  54410.183594
    2.000000  57614.906250
    3.000000  55052.429688
    4.000000  55652.890625
    5.000000  56024.824219
    6.000000  55488.234375
    7.000000  56188.054688
    8.000000  56045.035156
    9.000000  56583.519531
   10.000000  53866.960938
   11.000000  55216.707031
   12.000000  53826.296875
   13.000000  53866.015625
   14.000000  51773.218750
   15.000000  54939.914062
   16.000000  54968.488281
   17.000000  59003.781250
   18.000000  57021.859375
   19.000000  56644.753906
   20.000000  54907.687500
   21.000000  53819.695312
   22.000000  54979.554688
   23.000000  52555.132812
   24.000000  55739.621094
   25.000000  55533.996094
   26.000000  54834.875000
   27.000000  54859.167969
   28.000000  55394.585938
   29.000000  53854.464844
   30.000000  54258.214844
   31.000000  55039.570312
   32.000000  57057.031250
   33.000000  56798.660156
   34.000000  52356.644531
   35.000000  54364.078125
   36.000000  54441.617188
   37.000000  54202.476562
   38.000000  53012.546875
   39.000000  56521.804688
   40.000000  56572.695312
   41.000000  57518.203125
   42.000000  55056.960938
   43.000000  52572.125000
   44.000000  57201.183594
   45.000000  55906.863281
   46.000000  58995.421875
   47.000000  56376.257812
   48.000000  55355.992188
   49.000000  54051.390625
   50.000000  58929.796875
   51.000000  57245.171875
   52.000000  56107.136719
   53.000000  58319.500000
   54.000000  54716.722656
   55.000000  53392.437500
   56.000000  55532.027344
   57.000000  54224.164062
   58.000000  52974.875000
   59.000000  53111.093750
   60.000000  53861.683594
   60.000000  53883.164062
   60.500000  56049.207031
   61.000000  57608.484375
   61.500000  55539.515625
   62.000000  52995.441406
   62.500000  55690.398438
   63.000000  53922.492188
   63.500000  57658.796875
   64.000000  59829.828125
   64.500000  61051.636719
   65.000000  60822.820312
   65.500000  61499.082031
   66.000000  62146.343750
   66.500000  61428.046875
   67.000000  60798.539062
   67.500000  61561.726562
   68.000000  62650.636719
   68.500000  61086.687500
   69.000000  60639.445312
   69.500000  58498.742188
   70.000000  55554.570312
   70.500000  60679.882812
   71.000000  57511.128906
   71.500000  63232.023438
   72.000000  59481.652344
   72.500000  62566.695312
   73.000000  61823.937500
   73.500000  60030.601562
   74.000000  58113.320312
   74.500000  58160.812500
   75.000000  56679.996094
   75.500000  53514.046875
   76.000000  55738.476562
   76.500000  62890.285156
   77.000000  61456.812500
   77.500000  62707.929688
   78.000000  58400.781250
   78.500000  61117.304688
   79.000000  62058.753906
   79.500000  57917.054688
   80.000000  59191.054688
   80.500000  59271.976562
   81.000000  60239.222656
   81.500000  59854.921875
   82.000000  58544.093750
   82.500000  60447.839844
   83.000000  57241.855469
   83.500000  55762.773438
   84.000000  60661.382812
   84.500000  57026.804688
   85.000000  56593.242188
   85.500000  53401.488281
   86.000000  55225.562500
   86.500000  58193.894531
   87.000000  56014.867188
   87.500000  54383.656250
   88.000000  56561.781250
   88.500000  55165.917969
   89.000000  55842.265625
   89.500000  55866.585938
   90.000000  58140.949219
   90.000000  58146.640625
   90.500000  55892.054688
   91.000000  57084.984375
   91.500000  58600.750000
   92.000000  58444.480469
   92.500000  58045.867188
   93.000000  54742.531250
   93.500000  55467.882812
   94.000000  57083.351562
   94.500000  54531.699219
   95.000000  55405.289062
   95.500000  53160.757812
   96.000000  56252.656250
   96.500000  55435.875000
   97.000000  53305.988281
   97.500000  54394.320312
   98.000000  57425.390625
   98.500000  54895.480469
   99.000000  55378.554688
   99.500000  56191.726562
  100.000000  58836.492188
  100.500000  53995.355469
  101.000000  54405.441406
  101.500000  60471.523438
  102.000000  56918.890625
  102.500000  55304.789062
  103.000000  57211.406250
  103.500000  59501.109375
  104.000000  57937.523438
  104.500000  61008.757812
  105.000000  55557.945312
  105.500000  55159.140625
  106.000000  55688.359375
  106.500000  54337.636719
  107.000000  58232.464844
  107.500000  60536.832031
  108.000000  58816.054688
  108.500000  59783.933594
  109.000000  58352.800781
  109.500000  58694.367188
  110.000000  60101.984375
  110.500000  59542.339844
  111.000000  60082.421875
  111.500000  61596.406250
  112.000000  59070.562500
  112.500000  58398.656250
  113.000000  57203.304688
  113.500000  55123.066406
  114.000000  57078.218750
  114.500000  56700.265625
  115.000000  56423.875000
  115.500000  56941.664062
  116.000000  48535.234375
  116.500000  52928.898438
  117.000000  51928.195312
  117.500000  49766.710938
  118.000000  49591.406250
  118.500000  50325.085938
  119.000000  47704.519531
  119.500000  47861.339844
  120.000000  49565.312500
  120.000000  49562.203125
  120.500000  49729.429688
  121.000000  49928.886719
  121.500000  53233.355469
  122.000000  48848.902344
  122.500000  51712.828125
  123.000000  50804.656250
  123.500000  52537.828125
  124.000000  47503.238281
  124.500000  50041.703125
  125.000000  49446.113281
  125.500000  52260.429688
  126.000000  50495.101562
  126.500000  51409.085938
  127.000000  52939.050781
  127.500000  52521.468750
  128.000000  50230.281250
  128.500000  51586.093750
  129.000000  48982.074219
  129.500000  48759.753906
  130.000000  51376.468750
  130.500000  50159.207031
  131.000000  48626.878906
  131.500000  50758.414062
  132.000000  52939.726562
  132.500000  51315.429688
  133.000000  50719.269531
  133.500000  47290.730469
  134.000000  50164.750000
  134.500000  51924.644531
  135.000000  52530.656250
  135.500000  52820.625000
  136.000000  51324.218750
  136.500000  49561.250000
  137.000000  52715.988281
  137.500000  53083.109375
  138.000000  52167.199219
  138.500000  54763.605469
  139.000000  56023.664062
  139.500000  57265.035156
  140.000000  52383.476562
  140.500000  56283.449219
  141.000000  56355.359375
  141.500000  55328.328125
  142.000000  56762.757812
  142.500000  57861.625000
  143.000000  56521.503906
  143.500000  56794.183594
  144.000000  57738.460938
  144.500000  51353.671875
  145.000000  53669.132812
  145.500000  57129.500000
  146.000000  56453.914062
  146.500000  51889.402344
  147.000000  54325.742188
  147.500000  57644.109375
  148.000000  51023.917969
  148.500000  55271.453125
  149.000000  55103.011719
  149.500000  55137.070312
  150.000000  57110.820312
  150.000000  57109.246094
  150.500000  54673.203125
  151.000000  52963.289062
  151.500000  55715.406250
  152.000000  53741.027344
  152.500000  52050.812500
  153.000000  49994.089844
  153.500000  52465.023438
  154.000000  53929.554688
  154.500000  51390.460938
  155.000000  52733.738281
  155.500000  51921.835938
  156.000000  54149.312500
  156.500000  54168.445312
  157.000000  50818.062500
  157.500000  50694.914062
  158.000000  49749.808594
  158.500000  48137.492188
  159.000000  48733.777344
  159.500000  50358.949219
  160.000000  50607.507812
  160.500000  47649.781250
  161.000000  47369.218750
  161.500000  53220.632812
  162.000000  51757.476562
  162.500000  49933.882812
  163.000000  49083.589844
  163.500000  49953.515625
  164.000000  50040.878906
  164.500000  50781.710938
  165.000000  49911.789062
  165.500000  48970.781250
  166.000000  48817.320312
  166.500000  54517.812500
  167.000000  48239.945312
  167.500000  48543.164062
  168.000000  48389.312500
  168.500000  49484.429688
  169.000000  51123.464844
  169.500000  53202.371094
  170.000000  48498.367188
  170.500000  50687.457031
  171.000000  50473.703125
  171.500000  50399.382812
  172.000000  50717.734375
  172.500000  47433.410156
  173.000000  47625.066406
  173.500000  49284.179688
  174.000000  52475.324219
  174.500000  53002.167969
  175.000000  49768.640625
  175.500000  51381.648438
  176.000000  49980.898438
  176.500000  49047.839844
  177.000000  51726.953125
  177.500000  52638.453125
  178.000000  46699.164062
  178.500000  50826.003906
  179.000000  52827.726562
  179.500000  51392.765625
  180.000000  55080.179688
  180.000000  55076.703125
  180.500000  53751.027344
  181.000000  56020.031250
  181.500000  50879.648438
  182.000000  52549.351562
  182.500000  52151.050781
  183.000000  54990.648438
  183.500000  55144.578125
  184.000000  51142.917969
  184.500000  55344.656250
  185.000000  51406.257812
  185.500000  54223.480469
  186.000000  54946.796875
  186.500000  52958.761719
  187.000000  52714.765625
  187.500000  50890.769531
  188.000000  50091.500000
  188.500000  49813.445312
  189.000000  48711.710938
  189.500000  48966.679688
  190.000000  47906.285156
  190.500000  48791.156250
  191.000000  50976.234375
  191.500000  47213.054688
  192.000000  48753.769531
  192.500000  47838.351562
  193.000000  52045.382812
  193.500000  49861.171875
  194.000000  47381.773438
  194.500000  47736.878906
  195.000000  49023.203125
  195.500000  46829.812500
  196.000000  54188.007812
  196.500000  51625.921875
  197.000000  47122.121094
  197.500000  50010.218750
  198.000000  50597.980469
  198.500000  45869.019531
  199.000000  50864.804688
  199.500000  50158.074219
  200.000000  49251.546875
  200.500000  56402.082031
  201.000000  51141.378906
  201.500000  54271.785156
  202.000000  55991.414062
  202.500000  55680.320312
  203.000000  55259.757812
  203.500000  52577.148438
  204.000000  52763.585938
  204.500000  52626.542969
  205.000000  53101.898438
  205.500000  51456.835938
  206.000000  53583.003906
  206.500000  57011.781250
  207.000000  54569.054688
  207.500000  57227.339844
  208.000000  53916.699219
  208.500000  54039.140625
  209.000000  55766.539062
  209.500000  52202.304688
  210.000000  53577.789062
  210.000000  53567.527344
  210.500000  55182.261719
  211.000000  58638.382812
  211.500000  57130.281250
  212.000000  49911.492188
  212.500000  47176.421875
  213.000000  48170.707031
  213.500000  49988.457031
  214.000000  50358.781250
  214.500000  49188.187500
  215.000000  49977.968750
  215.500000  52041.851562
  216.000000  49750.714844
  216.500000  51527.734375
  217.000000  49757.308594
  217.500000  51674.277344
  218.000000  53380.718750
  218.500000  54336.390625
  219.000000  60460.906250
  219.500000  53910.414062
  220.000000  57075.070312
  220.500000  57145.921875
  221.000000  57836.640625
  221.500000  55337.855469
  222.000000  57093.671875
  222.500000  53182.609375
  223.000000  55806.875000
  223.500000  52967.375000
  224.000000  55535.480469
  224.500000  57758.250000
  225.000000  57216.101562
  225.500000  58511.894531
  226.000000  59505.816406
  226.500000  54145.679688
  227.000000  53282.546875
  227.500000  55050.746094
  228.000000  55782.441406
  228.500000  52965.914062
  229.000000  54759.750000
  229.500000  55109.039062
  230.000000  56089.847656
  230.500000  52131.687500
  231.000000  53898.781250
  231.500000  55703.890625
  232.000000  54702.546875
  232.500000  56879.328125
  233.000000  57408.039062
  233.500000  54640.078125
  234.000000  56574.308594
  234.500000  58829.585938
  235.000000  57295.957031
  235.500000  54275.578125
  236.000000  53697.746094
  236.500000  55948.800781
  237.000000  50009.742188
  237.500000  49946.890625
  238.000000  53439.945312
  238.500000  53060.074219
  239.000000  52802.480469
  239.500000  53272.843750
  240.000000  52966.152344
  240.500000  53010.062500
  241.000000  52869.500000
  241.500000  55493.710938
  242.000000  50911.683594
  242.500000  54019.582031
  243.000000  56640.511719
  243.500000  57350.085938
  244.000000  56774.582031
  244.500000  51963.074219
  245.000000  55704.882812
  245.500000  51932.914062
  246.000000  51988.890625
  246.500000  58700.175781
  247.000000  52884.058594
  247.500000  55886.480469
  248.000000  53659.679688
  248.500000  54794.136719
  249.000000  54131.265625
  249.500000  50943.722656
  250.000000  52026.398438
  250.500000  55101.128906
  251.000000  55437.457031
  251.500000  55702.812500
  252.000000  56383.257812
  252.500000  50076.398438
  253.000000  57508.625000
  253.500000  50194.464844
  254.000000  54459.863281
  254.500000  53631.937500
  255.000000  52274.269531
  255.500000  53419.074219
  256.000000  54219.828125
  256.500000  53525.710938
  257.000000  49208.015625
  257.500000  49474.253906
  258.000000  49524.960938
  258.500000  49720.281250
  259.000000  52968.039062
  259.500000  51440.433594
  260.000000  52669.941406
  260.500000  50537.132812
  261.000000  53122.339844
  261.500000  50030.566406
  262.000000  51060.390625
  262.500000  50303.789062
  263.000000  47914.992188
  263.500000  48015.593750
  264.000000  46739.070312
  264.500000  48043.851562
  265.000000  48984.898438
  265.500000  48469.972656
  266.000000  49199.328125
  266.500000  52764.242188
  267.000000  50357.156250
  267.500000  50954.070312
  268.000000  52438.539062
  268.500000  54887.355469
  269.000000  53634.375000
  269.500000  53654.476562
  270.000000  55185.757812
  270.000000  55202.437500
  270.500000  56116.332031
  271.000000  56091.253906
  271.500000  53703.082031
  272.000000  54719.425781
  272.500000  54092.457031
  273.000000  52059.363281
  273.500000  51275.753906
  274.000000  56093.375000
  274.500000  50676.414062
  275.000000  52359.210938
  275.500000  53358.175781
  276.000000  53495.351562
  276.500000  51332.210938
  277.000000  53359.039062
  277.500000  49668.468750
  278.000000  52763.437500
  278.500000  49929.132812
  279.000000  51330.183594
  279.500000  49672.582031
  280.000000  47603.375000
  280.500000  51227.984375
  281.000000  53326.347656
  281.500000  54723.097656
  282.000000  52590.449219
  282.500000  52691.976562
  283.000000  55214.453125
  283.500000  53859.425781
  284.000000  53337.324219
  284.500000  54915.812500
  285.000000  53851.414062
  285.500000  54538.933594
  286.000000  55543.867188
  286.500000  55533.769531
  287.000000  54253.242188
  287.500000  53093.621094
  288.000000  53593.304688
  288.500000  48900.140625
  289.000000  53145.367188
  289.500000  51912.953125
  290.000000  51072.843750
  290.500000  52106.031250
  291.000000  53558.816406
  291.500000  50057.140625
  292.000000  46615.609375
  292.500000  49162.351562
  293.000000  47756.886719
  293.500000  51679.828125
  294.000000  50476.632812
  294.500000  52943.460938
  295.000000  51811.257812
  295.500000  51540.585938
  296.000000  51821.695312
  296.500000  53406.539062
  297.000000  50722.800781
  297.500000  51598.628906
  298.000000  52548.539062
  298.500000  54945.882812
  299.000000  50385.687500
  299.500000  50449.832031
  300.000000  49455.625000
