    0.000000   97.692772
    1.000000   95.673477
    2.000000   92.391884
    3.000000   93.192368
    4.000000  104.918571
    5.000000  104.382767
    6.000000   96.702263
    7.000000   86.526230
    8.000000   96.281509
    9.000000  111.355164
   10.000000   96.285484
   11.000000   96.325516
   12.000000   87.883430
   13.000000   91.549904
   14.000000   98.417625
   15.000000   95.888794
   16.000000   97.942894
   17.000000   96.390442
   18.000000  110.794998
   19.000000   96.250420
   20.000000  116.336159
   21.000000  100.988297
   22.000000   99.524506
   23.000000  110.592804
   24.000000  102.958488
   25.000000  102.197433
   26.000000   87.383675
   27.000000   95.570740
   28.000000   96.108543
   29.000000   86.588676
   30.000000  104.196671
   31.000000   95.667915
   32.000000  114.060081
   33.000000  108.634911
   34.000000  100.258354
   35.000000   93.265205
   36.000000   88.505768
   37.000000  102.784325
   38.000000  122.269104
   39.000000  112.210258
   40.000000   98.471764
   41.000000   99.678719
   42.000000   96.752602
   43.000000   90.817871
   44.000000  106.931206
   45.000000  109.009285
   46.000000  102.408981
   47.000000  107.142899
   48.000000  113.390411
   49.000000  131.327744
   50.000000  115.976990
   51.000000  122.662865
   52.000000  107.738876
   53.000000   99.569733
   54.000000  112.042549
   55.000000  112.808884
   56.000000  117.496346
   57.000000  102.325783
   58.000000  115.467506
   59.000000  102.003716
   60.000000  107.369385
   60.000000  107.360718
   60.500000   99.760719
   61.000000  108.082817
   61.500000  100.776146
   62.000000   97.247047
   62.500000  112.275414
   63.000000  104.039360
   63.500000  104.518341
   64.000000   94.416008
   64.500000   93.063881
   65.000000  102.333168
   65.500000  102.785538
   66.000000   98.623108
   66.500000  111.739426
   67.000000   99.330582
   67.500000  107.070000
   68.000000   95.304535
   68.500000   92.426483
   69.000000  101.253731
   69.500000  112.629143
   70.000000   92.920250
   70.500000  105.265465
   71.000000   90.794052
   71.500000  122.252090
   72.000000  106.302956
   72.500000   98.818008
   73.000000  103.242821
   73.500000   85.652023
   74.000000   95.944229
   74.500000  110.186844
   75.000000  106.584244
   75.500000   98.963715
   76.000000  113.080368
   76.500000  103.715950
   77.000000  106.202538
   77.500000  106.377182
   78.000000   90.529678
   78.500000   89.174553
   79.000000  105.811401
   79.500000  119.353394
   80.000000  113.227310
   80.500000  100.646805
   81.000000  108.312195
   81.500000  106.413269
   82.000000  102.903931
   82.500000  102.692245
   83.000000  108.137558
   83.500000  103.660805
   84.000000  113.800255
   84.500000  121.326813
   85.000000  119.082672
   85.500000   99.864990
   86.000000  110.879898
   86.500000   93.249092
   87.000000  103.038391
   87.500000  105.374794
   88.000000   92.141991
   88.500000  118.778610
   89.000000  106.746300
   89.500000   94.749695
   90.000000  119.139938
   90.000000  119.121712
   90.500000  106.451485
   91.000000   93.612671
   91.500000   98.898071
   92.000000   97.206337
   92.500000   93.134415
   93.000000  105.412460
   93.500000  106.983955
   94.000000  112.031395
   94.500000   86.956360
   95.000000  111.337151
   95.500000  102.069389
   96.000000   86.682999
   96.500000  100.652916
   97.000000  104.783028
   97.500000   92.237595
   98.000000  100.635445
   98.500000   87.433670
   99.000000  117.238289
   99.500000  100.454132
  100.000000  107.575256
  100.500000   91.841156
  101.000000   93.831909
  101.500000  123.669617
  102.000000   90.496651
  102.500000   96.539619
  103.000000  110.947594
  103.500000  104.915588
  104.000000  109.827667
  104.500000  107.165169
  105.000000  101.781067
  105.500000   99.029266
  106.000000   96.577698
  106.500000   95.957367
  107.000000  104.945862
  107.500000   95.131721
  108.000000  109.414703
  108.500000   95.244194
  109.000000  107.567909
  109.500000   95.411873
  110.000000  119.471405
  110.500000  109.776306
  111.000000  105.416130
  111.500000  105.431084
  112.000000  106.600342
  112.500000  111.202881
  113.000000  117.118820
  113.500000  103.434654
  114.000000   95.841507
  114.500000  108.580627
  115.000000  111.488914
  115.500000  111.839310
  116.000000  122.553558
  116.500000  116.778564
  117.000000   92.222610
  117.500000   97.401390
  118.000000   89.119553
  118.500000   89.776062
  119.000000   92.781212
  119.500000  100.839821
  120.000000  101.535423
  120.000000  101.508331
  120.500000  103.064232
  121.000000   97.705757
  121.500000   89.904083
  122.000000   99.220596
  122.500000  111.188622
  123.000000   86.776276
  123.500000   98.749870
  124.000000   87.948784
  124.500000  108.330399
  125.000000  107.759506
  125.500000   97.622131
  126.000000  105.368263
  126.500000  102.665405
  127.000000  108.915726
  127.500000   96.717934
  128.000000  110.655998
  128.500000   90.504074
  129.000000   95.184586
  129.500000  107.003136
  130.000000  105.862404
  130.500000  110.068314
  131.000000   99.722656
  131.500000   93.262917
  132.000000  109.127396
  132.500000   98.706894
  133.000000   95.430641
  133.500000   96.041565
  134.000000   87.940292
  134.500000  123.583794
  135.000000   86.705513
  135.500000   93.575325
  136.000000  102.532623
  136.500000  102.515541
  137.000000   92.535118
  137.500000  131.204529
  138.000000  118.722893
  138.500000  120.668396
  139.000000  106.958298
  139.500000  120.755005
  140.000000   95.568733
  140.500000  116.508957
  141.000000   99.568336
  141.500000  108.786118
  142.000000  106.622185
  142.500000  110.658363
  143.000000  101.957489
  143.500000  114.218208
  144.000000  101.100273
  144.500000  113.979614
  145.000000   91.945465
  145.500000  101.090004
  146.000000   80.840614
  146.500000   92.642235
  147.000000   87.631065
  147.500000   94.240532
  148.000000  100.796021
  148.500000   99.347389
  149.000000  101.873009
  149.500000   97.885712
  150.000000   87.439476
  150.000000   87.439476
  150.500000  108.950531
  151.000000   97.716606
  151.500000   90.708717
  152.000000  106.368202
  152.500000   95.468109
  153.000000  109.534241
  153.500000  109.728600
  154.000000  108.640892
  154.500000   90.475281
  155.000000   98.305260
  155.500000   94.896919
  156.000000   99.848389
  156.500000  102.651299
  157.000000   92.935532
  157.500000   98.255470
  158.000000   89.695602
  158.500000   88.480888
  159.000000   91.039215
  159.500000   98.223259
  160.000000  105.502228
  160.500000  104.141418
  161.000000  100.485184
  161.500000  111.892654
  162.000000  106.676750
  162.500000  107.587013
  163.000000   92.241768
  163.500000  109.450737
  164.000000  106.891685
  164.500000   98.274551
  165.000000   99.217545
  165.500000  102.599564
  166.000000  102.122749
  166.500000   94.874001
  167.000000  100.477295
  167.500000   89.403214
  168.000000  101.644653
  168.500000   88.916214
  169.000000   98.670204
  169.500000  100.276070
  170.000000   94.537148
  170.500000   87.731239
  171.000000   99.005653
  171.500000   93.677452
  172.000000   98.022949
  172.500000   90.931801
  173.000000   87.840759
  173.500000  106.725876
  174.000000   92.470863
  174.500000   80.962738
  175.000000   92.118317
  175.500000  107.958572
  176.000000   91.002739
  176.500000  101.013069
  177.000000   92.962524
  177.500000   92.122375
  178.000000   96.106598
  178.500000  109.149590
  179.000000   95.187820
  179.500000  102.737869
  180.000000  103.329391
  180.000000  103.329391
  180.500000  126.936737
  181.000000  106.314606
  181.500000  102.847099
  182.000000   97.123337
  182.500000   95.687889
  183.000000   87.567154
  183.500000   94.164284
  184.000000   97.447319
  184.500000  101.109261
  185.000000   89.480194
  185.500000  105.024536
  186.000000   93.860809
  186.500000   88.657532
  187.000000  109.385788
  187.500000  104.097404
  188.000000  101.323799
  188.500000   98.779663
  189.000000   94.279045
  189.500000  100.980362
  190.000000   94.090012
  190.500000   98.272781
  191.000000  103.466644
  191.500000  106.304810
  192.000000   90.214027
  192.500000   91.324806
  193.000000   99.130142
  193.500000  104.082619
  194.000000   88.708496
  194.500000   98.199341
  195.000000  100.335678
  195.500000   94.915298
  196.000000  100.103775
  196.500000   90.331589
  197.000000   91.629189
  197.500000  101.539223
  198.000000   96.955421
  198.500000   98.844162
  199.000000   97.138115
  199.500000   88.747704
  200.000000   91.572258
  200.500000   90.240128
  201.000000   98.049599
  201.500000   96.952232
  202.000000   96.092484
  202.500000  100.727470
  203.000000   98.760078
  203.500000   97.179474
  204.000000   91.695312
  204.500000   99.994186
  205.000000   92.132721
  205.500000  102.001656
  206.000000   90.799042
  206.500000   90.521584
  207.000000   98.348854
  207.500000  112.467781
  208.000000  114.054642
  208.500000   97.389114
  209.000000   97.978340
  209.500000   98.433960
  210.000000   94.794960
  210.000000   94.794960
  210.500000   99.871201
  211.000000   93.512787
  211.500000  101.778664
  212.000000   91.944435
  212.500000  104.859200
  213.000000   89.726433
  213.500000   92.478226
  214.000000   88.437424
  214.500000   88.222435
  215.000000   87.584755
  215.500000   96.385017
  216.000000   87.680168
  216.500000  101.233368
  217.000000   90.224747
  217.500000   89.721642
  218.000000   99.005669
  218.500000   89.301445
  219.000000   95.880722
  219.500000   90.642929
  220.000000   98.416351
  220.500000  107.243820
  221.000000   98.229897
  221.500000  102.051292
  222.000000   90.565430
  222.500000   90.782227
  223.000000   94.574371
  223.500000   98.555336
  224.000000   93.413528
  224.500000  103.141495
  225.000000  103.654060
  225.500000   85.847252
  226.000000   91.606522
  226.500000  112.581184
  227.000000   91.766205
  227.500000   99.957581
  228.000000   89.885010
  228.500000   97.749222
  229.000000   86.989174
  229.500000   93.951897
  230.000000   91.516579
  230.500000  106.120918
  231.000000   96.192772
  231.500000  101.150200
  232.000000  110.235649
  232.500000   93.759430
  233.000000   95.916481
  233.500000   84.623779
  234.000000   94.726547
  234.500000   93.129623
  235.000000   99.534790
  235.500000   85.035301
  236.000000  107.349815
  236.500000  100.161255
  237.000000  102.188309
  237.500000   85.706177
  238.000000   99.596001
  238.500000   92.499054
  239.000000  116.399284
  239.500000   85.032196
  240.000000   89.646690
  240.500000   98.424347
  241.000000   93.918343
  241.500000  103.345978
  242.000000   87.909874
  242.500000   98.358086
  243.000000   98.754295
  243.500000   88.960991
  244.000000  102.546761
  244.500000   94.079437
  245.000000   89.915161
  245.500000   94.786575
  246.000000   92.963058
  246.500000   95.206772
  247.000000   94.563477
  247.500000   93.906418
  248.000000   98.881935
  248.500000  100.034286
  249.000000  109.993599
  249.500000   91.293762
  250.000000   96.574547
  250.500000   92.982048
  251.000000   98.480919
  251.500000   93.096024
  252.000000  100.835228
  252.500000   94.224594
  253.000000   97.074181
  253.500000   98.136856
  254.000000   93.376678
  254.500000   95.287506
  255.000000  112.869736
  255.500000   94.796913
  256.000000   86.945534
  256.500000   94.967094
  257.000000   97.736923
  257.500000   94.488129
  258.000000   88.186729
  258.500000   90.792152
  259.000000   93.995743
  259.500000   99.201309
  260.000000  114.941742
  260.500000  100.001213
  261.000000  101.026199
  261.500000  105.324554
  262.000000   98.965355
  262.500000   86.170975
  263.000000   86.298500
  263.500000  101.682396
  264.000000   94.267426
  264.500000  103.996407
  265.000000   94.992386
  265.500000   98.146187
  266.000000   90.975143
  266.500000  105.190392
  267.000000   96.642899
  267.500000  100.992416
  268.000000   85.503609
  268.500000   95.968651
  269.000000   88.023430
  269.500000   94.375595
  270.000000  101.260124
  270.000000  101.417938
  270.500000  107.928452
  271.000000  106.144318
  271.500000   98.605164
  272.000000   91.409706
  272.500000   94.617950
  273.000000  107.399567
  273.500000  101.370552
  274.000000  100.715454
  274.500000  104.849045
  275.000000  115.065094
  275.500000   90.689301
  276.000000  104.503319
  276.500000  108.716652
  277.000000  120.198822
  277.500000  104.447479
  278.000000  107.594635
  278.500000  100.122597
  279.000000   98.997513
  279.500000   89.525642
  280.000000   93.358444
  280.500000   88.558136
  281.000000   89.214783
  281.500000   98.145927
  282.000000   99.445694
  282.500000   98.298279
  283.000000   97.837914
  283.500000  100.289253
  284.000000   87.343933
  284.500000   97.309799
  285.000000   93.275658
  285.500000   93.648094
  286.000000   82.204918
  286.500000   86.945969
  287.000000  104.703918
  287.500000   98.593407
  288.000000  127.160706
  288.500000   96.518425
  289.000000   95.570404
  289.500000   98.117081
  290.000000   88.983612
  290.500000   92.848488
  291.000000   95.041000
  291.500000   94.975235
  292.000000  100.885231
  292.500000  112.257317
  293.000000   97.514015
  293.500000  108.370773
  294.000000   98.740997
  294.500000   95.716888
  295.000000  103.367088
  295.500000   97.172562
  296.000000  104.320618
  296.500000   97.391983
  297.000000   93.582031
  297.500000   97.896835
  298.000000  103.971390
  298.500000   90.239685
  299.000000  108.989319
  299.500000  107.620850
  300.000000   87.365067
