    0.000000   -3.874516
    1.000000   14.459022
    2.000000    5.617065
    3.000000    3.173921
    4.000000   -5.999597
    5.000000   -8.180186
    6.000000   -7.626314
    7.000000   -4.318246
    8.000000   -4.766419
    9.000000    0.260397
   10.000000    4.952791
   11.000000    2.538001
   12.000000    6.116855
   13.000000   -6.269098
   14.000000   -5.005526
   15.000000    4.890250
   16.000000   -2.188996
   17.000000    2.527944
   18.000000    4.540886
   19.000000   -4.988072
   20.000000   -7.023046
   21.000000   -7.364118
   22.000000    8.717142
   23.000000   -2.493297
   24.000000    9.314433
   25.000000   13.668905
   26.000000   -2.667687
   27.000000   -4.614830
   28.000000    6.691776
   29.000000    4.642668
   30.000000    1.122875
   31.000000   -6.029063
   32.000000   -5.883973
   33.000000   -8.560373
   34.000000   -0.557955
   35.000000   -7.343269
   36.000000   -7.639145
   37.000000   -4.558235
   38.000000   -6.664440
   39.000000    9.098122
   40.000000   10.525895
   41.000000   -6.081011
   42.000000   -0.669661
   43.000000   13.619152
   44.000000    3.523433
   45.000000   -1.002216
   46.000000   -8.990961
   47.000000   12.719322
   48.000000    0.233902
   49.000000   29.022297
   50.000000   -1.803056
   51.000000   -8.954480
   52.000000    8.696774
   53.000000    2.689003
   54.000000    9.828219
   55.000000   -1.211306
   56.000000   21.063358
   57.000000    4.728902
   58.000000   -0.737208
   59.000000   -1.830276
   60.000000   18.001163
    0.000000   18.000166
    0.500000    0.123753
    1.000000    6.820047
    1.500000   -6.898469
    2.000000    5.311979
    2.500000    4.484739
    3.000000   19.250023
    3.500000   -1.959539
    4.000000    6.892819
    4.500000   -8.757191
    5.000000   -5.142202
    5.500000   -1.002430
    6.000000   -5.980066
    6.500000    2.749651
    7.000000   11.982420
    7.500000   -3.106458
    8.000000   -3.502079
    8.500000   18.241940
    9.000000    6.965096
    9.500000   11.935270
   10.000000   -1.999231
   10.500000   28.422871
   11.000000   -0.750164
   11.500000   -4.308894
   12.000000   20.003582
   12.500000    6.048935
   13.000000    0.621058
   13.500000    3.605428
   14.000000   12.954678
   14.500000   12.218511
   15.000000    3.264058
   15.500000   27.160791
   16.000000   15.313132
   16.500000    2.231098
   17.000000   -2.008162
   17.500000   13.540906
   18.000000    3.011568
   18.500000    5.164696
   19.000000    0.496764
   19.500000   12.700556
   20.000000    1.081929
   20.500000   -0.777294
   21.000000    3.708967
   21.500000   12.714475
   22.000000    0.982685
   22.500000   -3.438327
   23.000000   12.406652
   23.500000    0.877765
   24.000000   -0.395193
   24.500000    0.075986
   25.000000   17.753771
   25.500000    1.686081
   26.000000   25.061424
   26.500000   -0.618451
   27.000000   10.793188
   27.500000    0.108421
   28.000000   -6.559452
   28.500000    3.597242
   29.000000   -1.779048
   29.500000    9.767413
   30.000000    2.722112
    0.000000    2.727439
    0.500000    9.334149
    1.000000    9.155636
    1.500000    5.903411
    2.000000   -2.104988
    2.500000    1.320620
    3.000000    7.640122
    3.500000    0.015561
    4.000000    3.322515
    4.500000   -2.250388
    5.000000   -5.497186
    5.500000    0.788778
    6.000000   19.382557
    6.500000    4.268168
    7.000000   18.576618
    7.500000   -6.887607
    8.000000    7.954859
    8.500000   12.992110
    9.000000   11.336138
    9.500000    1.783680
   10.000000   -3.114482
   10.500000   -4.050452
   11.000000    5.256807
   11.500000    8.203396
   12.000000   10.574333
   12.500000   17.143623
   13.000000   -0.915869
   13.500000    8.564683
   14.000000   -0.414588
   14.500000   20.792139
   15.000000   -5.177118
   15.500000   12.321788
   16.000000   -5.315633
   16.500000   -6.746362
   17.000000   -4.951285
   17.500000   -2.966290
   18.000000   -0.640441
   18.500000   -3.984061
   19.000000   -8.229204
   19.500000    5.406183
   20.000000   16.318552
   20.500000    8.827384
   21.000000   15.004680
   21.500000   -3.633528
   22.000000    3.364093
   22.500000   -4.655695
   23.000000   -7.705894
   23.500000   -1.462854
   24.000000   14.556303
   24.500000   -8.480334
   25.000000   -2.408552
   25.500000    3.172782
   26.000000   -1.739720
   26.500000    2.915268
   27.000000   -2.543982
   27.500000   -4.546840
   28.000000   -2.356673
   28.500000   17.855305
   29.000000    2.381155
   29.500000   10.834780
   30.000000   -7.264754
    0.000000   -7.266793
    0.500000   -6.460316
    1.000000   -2.818728
    1.500000   -1.365932
    2.000000   -3.626199
    2.500000    0.870173
    3.000000   -1.765476
    3.500000   -0.340372
    4.000000   -6.666930
    4.500000   10.213407
    5.000000    0.108384
    5.500000    5.790434
    6.000000    1.738846
    6.500000    5.672672
    7.000000   -1.974499
    7.500000    1.236317
    8.000000   -7.327440
    8.500000   10.316612
    9.000000   11.395060
    9.500000   -1.208408
   10.000000   21.647957
   10.500000    8.936246
   11.000000   -6.070999
   11.500000   15.724152
   12.000000   -6.643113
   12.500000   -2.097378
   13.000000   -0.625984
   13.500000    2.782049
   14.000000   -2.259388
   14.500000    0.493913
   15.000000    3.731067
   15.500000    3.166055
   16.000000    3.997250
   16.500000   -6.365071
   17.000000   -1.789871
   17.500000    1.917101
   18.000000   -5.924256
   18.500000   -3.590063
   19.000000    2.922719
   19.500000    2.980626
   20.000000    8.822500
   20.500000    0.418346
   21.000000   18.182446
   21.500000   11.178219
   22.000000   -4.331507
   22.500000    5.054722
   23.000000   -5.059639
   23.500000   -6.701903
   24.000000    5.709622
   24.500000   -2.518909
   25.000000   -0.674873
   25.500000    3.154488
   26.000000   -3.733358
   26.500000    3.255822
   27.000000    6.454894
   27.500000   -4.044496
   28.000000   -3.137040
   28.500000   -0.323458
   29.000000   -0.986466
   29.500000   12.493655
   30.000000   -4.134967
    0.000000   -4.134967
    0.500000   13.041654
    1.000000    8.385503
    1.500000    1.105062
    2.000000    7.930757
    2.500000   -5.163958
    3.000000    4.751599
    3.500000   -1.455190
    4.000000   -6.216758
    4.500000   -0.711654
    5.000000   -6.217160
    5.500000    2.805107
    6.000000    2.233840
    6.500000   -1.669731
    7.000000    1.601183
    7.500000   10.813328
    8.000000    0.056042
    8.500000   -5.549172
    9.000000    3.576614
    9.500000    9.490087
   10.000000    2.906501
   10.500000    0.740707
   11.000000    5.782317
   11.500000   13.028040
   12.000000   -5.472810
   12.500000    0.286345
   13.000000    1.991981
   13.500000   10.719130
   14.000000    6.310551
   14.500000   -6.405550
   15.000000   -1.988553
   15.500000    5.933508
   16.000000    0.165775
   16.500000   -3.377112
   17.000000    3.878584
   17.500000    2.953482
   18.000000   -2.572994
   18.500000   -4.438910
   19.000000   -3.580652
   19.500000   -0.429810
   20.000000    9.099708
   20.500000    4.555768
   21.000000    2.239758
   21.500000   -0.446336
   22.000000   -5.332569
   22.500000   -0.026165
   23.000000    9.127755
   23.500000    4.004113
   24.000000   -2.399073
   24.500000    4.200061
   25.000000   -4.912490
   25.500000    3.049284
   26.000000    2.713830
   26.500000   -2.479671
   27.000000    0.852224
   27.500000   -5.381762
   28.000000   -3.435592
   28.500000   17.257063
   29.000000   -1.148457
   29.500000   -4.079881
   30.000000    4.946253
    0.000000    4.946253
    0.500000    7.930463
    1.000000    6.974037
    1.500000    3.422281
    2.000000   -2.513810
    2.500000   17.386665
    3.000000   10.179133
    3.500000    1.329213
    4.000000   -1.222434
    4.500000   -4.100639
    5.000000   -5.625040
    5.500000    4.039326
    6.000000   12.095191
    6.500000    1.241350
    7.000000    7.307279
    7.500000   11.147920
    8.000000    5.112144
    8.500000    4.245815
    9.000000    3.312809
    9.500000   12.567812
   10.000000   22.484219
   10.500000   26.356220
   11.000000    2.196461
   11.500000   10.680259
   12.000000   -3.790483
   12.500000   -2.981720
   13.000000    4.950944
   13.500000   14.075966
   14.000000   -0.728918
   14.500000   -4.489848
   15.000000   -2.793530
   15.500000    9.774710
   16.000000   21.648193
   16.500000   -2.675938
   17.000000   -0.012696
   17.500000    0.378630
   18.000000   -2.615660
   18.500000   -8.061217
   19.000000   -2.316933
   19.500000   18.071707
   20.000000    6.197023
   20.500000   -3.705062
   21.000000   -2.750734
   21.500000    9.406238
   22.000000   10.589272
   22.500000   -1.435494
   23.000000   -2.666975
   23.500000   20.243704
   24.000000    3.006749
   24.500000   17.408762
   25.000000   -4.895717
   25.500000    6.902820
   26.000000   10.054004
   26.500000   -2.442083
   27.000000    6.564220
   27.500000    6.520566
   28.000000   -4.154671
   28.500000    3.492765
   29.000000    0.289348
   29.500000   -1.817537
   30.000000   -3.536342
    0.000000   -3.536342
    0.500000   -3.270354
    1.000000   -2.027869
    1.500000    3.055328
    2.000000   -3.581812
    2.500000   -2.318703
    3.000000   10.525637
    3.500000    0.957735
    4.000000    1.366956
    4.500000   -3.114743
    5.000000   -0.666328
    5.500000   -2.770761
    6.000000   -3.133034
    6.500000   -0.282692
    7.000000    6.265381
    7.500000   -4.300776
    8.000000   -0.262515
    8.500000    1.802106
    9.000000    2.510587
    9.500000   10.363430
   10.000000   -0.239313
   10.500000   -2.472697
   11.000000   -0.124485
   11.500000   -6.197288
   12.000000   -2.066227
   12.500000   -2.285911
   13.000000   -7.341295
   13.500000   -3.440973
   14.000000   -1.709872
   14.500000   -0.752979
   15.000000    2.680656
   15.500000   -3.617627
   16.000000    1.301416
   16.500000    0.474526
   17.000000   -4.960065
   17.500000    3.271490
   18.000000   -1.099454
   18.500000   -4.607306
   19.000000    1.097582
   19.500000    2.619655
   20.000000    1.833015
   20.500000    4.297967
   21.000000    2.252326
   21.500000   -2.073216
   22.000000   -6.985390
   22.500000    1.260270
   23.000000    9.383662
   23.500000    0.585255
   24.000000    3.945894
   24.500000   -3.165803
   25.000000   14.871185
   25.500000    2.728670
   26.000000   16.612160
   26.500000   12.804471
   27.000000    4.151865
   27.500000   -0.863900
   28.000000    2.840246
   28.500000   -7.035876
   29.000000   -0.900567
   29.500000   10.965818
   30.000000    5.475313
   30.500000    0.578639
   31.000000   -4.913725
   31.500000   -2.686497
   32.000000   30.608366
   32.500000    3.327239
   33.000000   -0.992105
   33.500000    7.102645
   34.000000    1.251278
   34.500000   -5.300204
   35.000000    8.368373
   35.500000   -1.636191
   36.000000   12.566762
   36.500000   -1.411182
   37.000000    3.746207
   37.500000   -2.992743
   38.000000   -7.662892
   38.500000    9.162210
   39.000000   -0.115400
   39.500000   -2.497101
   40.000000    7.881208
   40.500000   -2.885724
   41.000000   -2.519080
   41.500000   -1.084062
   42.000000    4.161738
   42.500000    2.958988
   43.000000    1.863119
   43.500000   -2.650558
   44.000000    0.018183
   44.500000   -4.153863
   45.000000    9.227160
   45.500000   -0.717906
   46.000000   12.539640
   46.500000   11.533260
   47.000000    0.011567
   47.500000   -7.085174
   48.000000   26.337482
   48.500000   -5.390874
   49.000000   13.239394
   49.500000    3.546101
   50.000000    9.671846
   50.500000    1.188936
   51.000000    1.754998
   51.500000    9.774423
   52.000000   -0.276588
   52.500000    9.973452
   53.000000    6.881978
   53.500000    2.662484
   54.000000    2.527024
   54.500000    1.303337
   55.000000   16.675247
   55.500000   16.097811
   56.000000    1.667579
   56.500000    0.622099
   57.000000   -3.883707
   57.500000    8.230752
   58.000000   -4.607723
   58.500000   -3.986969
   59.000000   -6.757845
   59.500000    0.362217
   60.000000    1.968254
    0.000000    1.966679
    0.500000    8.045910
    1.000000    9.433719
    1.500000   -1.202829
    2.000000   -4.931301
    2.500000   -5.792487
    3.000000   12.862816
    3.500000   -0.520549
    4.000000   -3.453310
    4.500000   -1.103491
    5.000000   -6.663266
    5.500000   -3.575058
    6.000000    9.059776
    6.500000    5.633326
    7.000000   10.694495
    7.500000   20.238556
    8.000000    9.833456
    8.500000   -6.689965
    9.000000    2.117508
    9.500000   -1.611412
   10.000000    6.139475
   10.500000   -0.096848
   11.000000    7.998400
   11.500000   12.203697
   12.000000   -3.722649
   12.500000   -3.688588
   13.000000   -1.767891
   13.500000   11.326039
   14.000000   -6.165512
   14.500000   -3.602228
   15.000000    2.593111
   15.500000   -1.905277
   16.000000   -0.937638
   16.500000    1.982660
   17.000000   -5.865905
   17.500000    0.133814
   18.000000   -2.498987
   18.500000   -1.087656
   19.000000   -1.247470
   19.500000   -2.797208
   20.000000    1.831112
   20.500000   -1.706797
   21.000000    1.051257
   21.500000    1.122707
   22.000000   -4.483982
   22.500000    0.736839
   23.000000   -1.945368
   23.500000   -0.452611
   24.000000   -5.827557
   24.500000    4.569316
   25.000000    1.175812
   25.500000   -0.909135
   26.000000    5.134488
   26.500000    9.318598
   27.000000   -3.148775
   27.500000    2.164525
   28.000000   -6.490746
   28.500000   -5.368081
   29.000000   -3.089139
   29.500000   -3.839111
   30.000000   -5.838943
