    0.000000    0.000000
    1.000000    0.000000
    2.000000    0.000000
    3.000000    0.000000
    4.000000    0.000000
    5.000000    0.000000
    6.000000    0.000000
    7.000000    0.000000
    8.000000    0.000000
    9.000000    0.000000
   10.000000    0.000000
   11.000000    0.000000
   12.000000    0.000000
   13.000000    0.000000
   14.000000    0.000000
   15.000000    0.000000
   16.000000    0.000000
   17.000000    0.000000
   18.000000    0.000000
   19.000000    0.000000
   20.000000    0.000000
   21.000000    0.000000
   22.000000    0.000000
   23.000000    0.000000
   24.000000    0.000000
   25.000000    0.000000
   26.000000    0.000000
   27.000000    0.000000
   28.000000    0.000000
   29.000000    0.000000
   30.000000    0.000000
   31.000000    0.000000
   32.000000    0.000000
   33.000000    0.000000
   34.000000    0.000000
   35.000000    0.000000
   36.000000    0.000000
   37.000000    0.000000
   38.000000    0.000000
   39.000000    0.000000
   40.000000    0.000000
   41.000000    0.000000
   42.000000    0.000000
   43.000000    0.000000
   44.000000    0.000000
   45.000000    0.000000
   46.000000    0.000000
   47.000000    0.000000
   48.000000    0.000000
   49.000000    0.000000
   50.000000    0.000000
   51.000000    0.000000
   52.000000    0.000000
   53.000000    0.000000
   54.000000    0.000000
   55.000000    0.000000
   56.000000    0.000000
   57.000000    0.000000
   58.000000   -0.000111
   59.000000    0.000000
   60.000000   -0.000001
    0.000000   -0.000001
    0.500000    0.000000
    1.000000    0.000000
    1.500000   -0.000007
    2.000000   -0.000078
    2.500000   -0.000094
    3.000000   -0.000004
    3.500000   -0.000346
    4.000000   -0.000030
    4.500000   -0.000006
    5.000000   -0.000042
    5.500000    0.000000
    6.000000   -0.000124
    6.500000   -0.000016
    7.000000   -0.000163
    7.500000   -0.000660
    8.000000    0.000000
    8.500000   -0.000012
    9.000000   -0.000133
    9.500000   -0.001559
   10.000000   -0.001734
   10.500000   -0.003090
   11.000000   -0.000693
   11.500000   -0.002404
   12.000000   -0.002184
   12.500000   -0.002283
   13.000000   -0.002218
   13.500000   -0.001310
   14.000000   -0.004575
   14.500000   -0.001433
   15.000000   -0.001084
   15.500000   -0.008351
   16.000000   -0.005166
   16.500000   -0.002517
   17.000000   -0.004826
   17.500000   -0.011342
   18.000000   -0.005226
   18.500000   -0.001107
   19.000000   -0.020235
   19.500000   -0.019934
   20.000000   -0.013805
   20.500000   -0.000576
   21.000000   -0.001853
   21.500000   -0.000478
   22.000000   -0.001759
   22.500000   -0.019664
   23.000000   -0.020568
   23.500000   -0.021898
   24.000000   -0.042853
   24.500000   -0.050278
   25.000000   -0.008068
   25.500000   -0.021540
   26.000000   -0.002387
   26.500000   -0.024838
   27.000000   -0.012237
   27.500000   -0.013390
   28.000000   -0.031308
   28.500000   -0.012732
   29.000000   -0.039643
   29.500000   -0.035868
   30.000000   -0.008709
    0.000000   -0.008709
    0.500000   -0.012256
    1.000000   -0.052267
    1.500000   -0.074542
    2.000000   -0.037508
    2.500000   -0.046500
    3.000000   -0.022043
    3.500000   -0.038216
    4.000000   -0.040529
    4.500000   -0.041821
    5.000000   -0.045032
    5.500000   -0.046494
    6.000000   -0.036986
    6.500000   -0.012324
    7.000000   -0.019010
    7.500000   -0.046964
    8.000000   -0.044180
    8.500000   -0.105369
    9.000000   -0.158297
    9.500000   -0.138582
   10.000000   -0.208057
   10.500000   -0.114994
   11.000000   -0.099483
   11.500000   -0.069103
   12.000000   -0.029034
   12.500000   -0.049159
   13.000000   -0.048809
   13.500000   -0.117594
   14.000000   -0.098059
   14.500000   -0.096848
   15.000000   -0.065752
   15.500000   -0.080358
   16.000000   -0.084298
   16.500000   -0.131967
   17.000000   -0.097280
   17.500000   -0.152488
   18.000000   -0.119757
   18.500000   -0.092220
   19.000000   -0.071707
   19.500000   -0.103307
   20.000000   -0.285619
   20.500000   -0.180086
   21.000000   -0.254791
   21.500000   -0.149704
   22.000000   -0.120350
   22.500000   -0.172630
   23.000000   -0.123785
   23.500000   -0.155602
   24.000000   -0.159600
   24.500000   -0.181305
   25.000000   -0.256056
   25.500000   -0.128096
   26.000000   -0.074249
   26.500000   -0.098473
   27.000000   -0.279780
   27.500000   -0.068777
   28.000000   -0.073602
   28.500000   -0.080440
   29.000000   -0.100470
   29.500000   -0.056844
   30.000000   -0.065518
    0.000000   -0.065509
    0.500000   -0.056836
    1.000000   -0.091156
    1.500000   -0.198692
    2.000000   -0.174733
    2.500000   -0.053424
    3.000000   -0.099601
    3.500000   -0.155052
    4.000000   -0.137757
    4.500000   -0.155245
    5.000000   -0.084630
    5.500000   -0.081715
    6.000000   -0.079425
    6.500000   -0.052286
    7.000000   -0.104463
    7.500000   -0.083979
    8.000000   -0.098917
    8.500000   -0.050944
    9.000000   -0.107846
    9.500000   -0.217617
   10.000000   -0.248338
   10.500000   -0.245893
   11.000000   -0.245434
   11.500000   -0.144884
   12.000000   -0.254606
   12.500000   -0.178123
   13.000000   -0.179187
   13.500000   -0.156629
   14.000000   -0.105959
   14.500000   -0.072303
   15.000000   -0.095123
   15.500000   -0.147411
   16.000000   -0.104624
   16.500000   -0.128801
   17.000000   -0.178507
   17.500000   -0.140753
   18.000000   -0.130724
   18.500000   -0.227181
   19.000000   -0.292785
   19.500000   -0.213685
   20.000000   -0.242172
   20.500000   -0.218982
   21.000000   -0.175877
   21.500000   -0.278998
   22.000000   -0.384501
   22.500000   -0.296275
   23.000000   -0.367364
   23.500000   -0.336296
   24.000000   -0.504091
   24.500000   -0.525041
   25.000000   -0.699649
   25.500000   -0.911214
   26.000000   -1.191752
   26.500000   -2.431256
   27.000000   -2.284191
   27.500000   -1.928891
   28.000000   -2.339745
   28.500000   -3.832146
   29.000000   -2.844889
   29.500000   -2.601021
   30.000000   -2.851740
    0.000000   -2.851715
    0.500000   -2.488879
    1.000000   -1.732487
    1.500000   -2.624060
    2.000000   -2.076723
    2.500000   -2.715242
    3.000000   -1.417109
    3.500000   -1.381746
    4.000000   -1.305752
    4.500000   -0.977478
    5.000000   -0.977350
    5.500000   -0.998757
    6.000000   -0.998412
    6.500000   -1.245387
    7.000000   -0.827437
    7.500000   -1.418933
    8.000000   -1.018023
    8.500000   -2.000233
    9.000000   -1.484577
    9.500000   -1.111867
   10.000000   -1.311322
   10.500000   -1.129722
   11.000000   -1.430686
   11.500000   -1.343406
   12.000000   -1.204852
   12.500000   -1.292624
   13.000000   -2.041931
   13.500000   -2.047965
   14.000000   -1.084703
   14.500000   -1.811925
   15.000000   -1.420129
   15.500000   -1.293516
   16.000000   -1.167775
   16.500000   -1.920055
   17.000000   -2.557151
   17.500000   -2.919719
   18.000000   -1.373146
   18.500000   -1.087741
   19.000000   -2.633638
   19.500000   -2.867709
   20.000000   -2.696634
   20.500000   -1.553189
   21.000000   -2.671651
   21.500000   -2.692136
   22.000000   -2.981068
   22.500000   -2.588336
   23.000000   -2.683241
   23.500000   -3.072674
   24.000000   -2.678051
   24.500000   -2.887230
   25.000000   -3.403918
   25.500000   -3.186562
   26.000000   -2.180362
   26.500000   -3.951337
   27.000000   -4.761967
   27.500000   -4.335003
   28.000000   -3.877736
   28.500000   -3.664657
   29.000000   -5.688554
   29.500000   -7.484135
   30.000000   -7.090084
    0.000000   -7.092231
    0.500000   -8.409649
    1.000000   -5.547913
    1.500000   -6.255760
    2.000000   -7.574148
    2.500000   -7.937131
    3.000000   -8.076448
    3.500000  -10.711673
    4.000000  -14.160133
    4.500000  -15.104479
    5.000000  -18.649569
    5.500000  -20.345816
    6.000000  -19.079725
    6.500000  -23.839840
    7.000000  -17.999506
    7.500000  -24.653475
    8.000000  -19.481787
    8.500000  -16.890425
    9.000000  -22.423676
    9.500000  -25.175335
   10.000000  -13.827626
   10.500000  -23.914801
   11.000000  -19.442940
   11.500000  -29.130730
   12.000000  -21.039316
   12.500000  -23.897310
   13.000000  -27.056900
   13.500000  -16.613552
   14.000000  -16.753544
   14.500000  -27.428318
   15.000000  -21.743858
   15.500000  -22.160295
   16.000000  -28.804621
   16.500000  -26.864803
   17.000000  -36.793915
   17.500000  -30.024754
   18.000000  -33.384884
   18.500000  -35.099949
   19.000000  -33.099075
   19.500000  -38.736172
   20.000000  -37.464554
   20.500000  -36.401012
   21.000000  -34.132965
   21.500000  -41.173389
   22.000000  -40.236893
   22.500000  -40.220085
   23.000000  -39.592255
   23.500000  -34.387436
   24.000000  -38.801311
   24.500000  -34.231865
   25.000000  -36.764320
   25.500000  -31.443718
   26.000000  -35.989716
   26.500000  -38.404373
   27.000000  -43.247875
   27.500000  -34.734100
   28.000000  -33.419014
   28.500000  -41.031693
   29.000000  -37.004360
   29.500000  -36.621494
   30.000000  -40.275955
    0.000000  -40.270779
    0.500000  -31.895720
    1.000000  -22.387295
    1.500000  -37.613911
    2.000000  -34.537838
    2.500000  -34.068775
    3.000000  -36.190937
    3.500000  -24.307976
    4.000000  -35.566284
    4.500000  -36.036217
    5.000000  -40.212811
    5.500000  -37.195610
    6.000000  -36.875336
    6.500000  -38.664719
    7.000000  -44.110039
    7.500000  -47.588009
    8.000000  -40.108143
    8.500000  -45.940205
    9.000000  -43.735558
    9.500000  -39.831642
   10.000000  -46.241207
   10.500000  -34.793575
   11.000000  -44.880630
   11.500000  -45.711750
   12.000000  -33.773422
   12.500000  -42.294144
   13.000000  -31.426777
   13.500000  -37.284599
   14.000000  -42.610676
   14.500000  -40.605049
   15.000000  -42.466518
   15.500000  -37.075813
   16.000000  -39.912277
   16.500000  -41.016167
   17.000000  -44.158127
   17.500000  -51.964127
   18.000000  -37.090630
   18.500000  -26.556467
   19.000000  -44.611572
   19.500000  -47.288742
   20.000000  -41.711983
   20.500000  -44.452999
   21.000000  -36.680397
   21.500000  -31.183800
   22.000000  -49.696762
   22.500000  -23.225138
   23.000000  -45.332443
   23.500000  -43.046692
   24.000000  -38.469551
   24.500000  -50.915840
   25.000000  -36.333920
   25.500000  -32.983105
   26.000000  -38.737755
   26.500000  -43.108871
   27.000000  -42.979012
   27.500000  -41.844700
   28.000000  -42.335655
   28.500000  -43.317993
   29.000000  -30.689766
   29.500000  -35.183384
   30.000000  -34.486412
   30.500000  -28.715645
   31.000000  -25.533375
   31.500000  -38.132915
   32.000000  -31.018610
   32.500000  -26.374863
   33.000000  -31.351063
   33.500000  -37.295948
   34.000000  -42.085369
   34.500000  -29.812885
   35.000000  -36.043045
   35.500000  -34.666386
   36.000000  -34.161217
   36.500000  -28.527746
   37.000000  -27.574062
   37.500000  -24.418919
   38.000000  -20.773827
   38.500000  -17.794817
   39.000000  -27.564898
   39.500000  -16.308283
   40.000000  -17.759165
   40.500000  -19.471331
   41.000000  -19.455509
   41.500000  -16.903994
   42.000000  -17.721001
   42.500000  -21.081978
   43.000000  -17.032265
   43.500000  -18.336449
   44.000000  -17.034468
   44.500000  -16.780548
   45.000000  -17.298775
   45.500000  -15.043902
   46.000000  -22.791462
   46.500000  -15.354776
   47.000000  -17.357140
   47.500000  -13.706518
   48.000000   -9.533812
   48.500000  -15.429643
   49.000000  -15.310165
   49.500000  -13.410133
   50.000000  -14.654657
   50.500000   -9.088253
   51.000000   -9.130480
   51.500000   -9.266431
   52.000000    0.227458
   52.500000   -9.214840
   53.000000  -11.252455
   53.500000  -11.484558
   54.000000   -8.118834
   54.500000   -8.630653
   55.000000   -8.261668
   55.500000   -7.991643
   56.000000   -8.004705
   56.500000   -7.060323
   57.000000   -4.728382
   57.500000   -4.639368
   58.000000   -2.953530
   58.500000   -3.552544
   59.000000   -2.759950
   59.500000   -4.587845
   60.000000   -3.322293
    0.000000   -3.322354
    0.500000   -4.464327
    1.000000   -2.341896
    1.500000   -1.932155
    2.000000   -3.091093
    2.500000   -1.652958
    3.000000   -1.933397
    3.500000   -2.014079
    4.000000   -1.683901
    4.500000   -1.169203
    5.000000   -1.855620
    5.500000   -1.083459
    6.000000   -0.928000
    6.500000   -1.592276
    7.000000   -0.891558
    7.500000   -1.286686
    8.000000   -1.129779
    8.500000   -0.654065
    9.000000   -0.619680
    9.500000   -0.981779
   10.000000   -1.350009
   10.500000   -1.416416
   11.000000   -0.985470
   11.500000   -0.824189
   12.000000   -0.719853
   12.500000   -0.739465
   13.000000   -0.578903
   13.500000   -0.540462
   14.000000   -0.471709
   14.500000   -0.469159
   15.000000   -0.533485
   15.500000   -0.531694
   16.000000   -0.428215
   16.500000   -0.593535
   17.000000   -0.255604
   17.500000   -0.550469
   18.000000   -0.427554
   18.500000   -0.402298
   19.000000   -0.284029
   19.500000   -0.418103
   20.000000   -0.249066
   20.500000   -0.316458
   21.000000   -0.340814
   21.500000   -0.359928
   22.000000   -0.341465
   22.500000   -0.179965
   23.000000   -0.159846
   23.500000   -0.140796
   24.000000   -0.074728
   24.500000   -0.216405
   25.000000   -0.110115
   25.500000   -0.074768
   26.000000   -0.150225
   26.500000   -0.106519
   27.000000   -0.081661
   27.500000   -0.080782
   28.000000   -0.049259
   28.500000   -0.041578
   29.000000   -0.064783
   29.500000   -0.033692
   30.000000   -0.022898
