    0.000000  -69.748924
    1.000000  -45.388885
    2.000000  -48.714081
    3.000000  -42.851891
    4.000000  -56.093376
    5.000000  -66.265686
    6.000000  -64.473846
    7.000000  -50.107838
    8.000000  -48.775810
    9.000000  -52.708092
   10.000000  -63.511921
   11.000000  -31.275711
   12.000000  -67.434677
   13.000000  -46.837521
   14.000000  -60.498142
   15.000000  -58.937439
   16.000000  -58.927376
   17.000000  -39.507957
   18.000000  -55.151932
   19.000000  -35.312595
   20.000000  -41.002487
   21.000000  -53.168510
   22.000000  -58.785336
   23.000000  -54.751171
   24.000000  -58.463364
   25.000000  -54.499199
   26.000000  -52.178822
   27.000000  -48.929291
   28.000000  -37.985374
   29.000000  -55.859631
   30.000000  -66.034683
   31.000000  -41.171391
   32.000000  -31.571423
   33.000000  -54.164383
   34.000000  -61.708523
   35.000000  -24.056360
   36.000000  -44.268375
   37.000000  -40.473385
   38.000000  -30.718372
   39.000000  -60.059422
   40.000000  -21.481403
   41.000000  -70.976158
   42.000000  -59.446167
   43.000000  -54.655014
   44.000000  -44.206791
   45.000000  -28.333773
   46.000000  -29.933455
   47.000000  -50.288780
   48.000000   -2.151360
   49.000000  -29.772049
   50.000000  -23.267582
   51.000000  -31.978327
   52.000000   -9.985571
   53.000000  -34.727325
   54.000000  -41.440132
   55.000000  -14.566484
   56.000000  -39.014671
   57.000000  -32.148872
   58.000000   18.456516
   59.000000  -51.308487
   60.000000  -44.810860
   60.000000  -44.903652
   60.500000  -32.962482
   61.000000  -47.580688
   61.500000  -50.221134
   62.000000  -68.108665
   62.500000  -38.843067
   63.000000  -58.406864
   63.500000  -36.145935
   64.000000  -45.556019
   64.500000  -25.376255
   65.000000  -52.442726
   65.500000  -31.865923
   66.000000  -52.564789
   66.500000  -46.317917
   67.000000  -32.762524
   67.500000  -57.825855
   68.000000  -62.957764
   68.500000  -45.907322
   69.000000  -42.166656
   69.500000  -70.290024
   70.000000  -60.674995
   70.500000  -40.231121
   71.000000  -38.459702
   71.500000  -37.684879
   72.000000  -51.509731
   72.500000  -69.640236
   73.000000  -67.962776
   73.500000  -49.558224
   74.000000  -37.391304
   74.500000  -29.958584
   75.000000  -59.938873
   75.500000  -53.674156
   76.000000  -42.082352
   76.500000  -52.129768
   77.000000  -41.999420
   77.500000  -43.868469
   78.000000  -53.808372
   78.500000  -57.424969
   79.000000  -11.990075
   79.500000  -30.590462
   80.000000  -55.978310
   80.500000  -33.340542
   81.000000  -28.633535
   81.500000  -49.437714
   82.000000  -54.443005
   82.500000  -44.645199
   83.000000  -30.119411
   83.500000  -69.252693
   84.000000  -34.546104
   84.500000  -31.653225
   85.000000  -69.434135
   85.500000  -25.124592
   86.000000  -62.778259
   86.500000  -31.503632
   87.000000  -47.683403
   87.500000  -60.140991
   88.000000  -41.199394
   88.500000  -22.650833
   89.000000  -55.685764
   89.500000  -82.956985
   90.000000  -68.295212
   90.000000  -68.362152
   90.500000  -59.574364
   91.000000  -72.616539
   91.500000  -68.509972
   92.000000  -69.472977
   92.500000  -58.601692
   93.000000  -67.437859
   93.500000  -54.372547
   94.000000  -51.317795
   94.500000  -58.143921
   95.000000  -50.392097
   95.500000  -55.624733
   96.000000  -59.550781
   96.500000  -30.121189
   97.000000  -35.439407
   97.500000  -50.274506
   98.000000  -67.294914
   98.500000  -38.012386
   99.000000  -55.361805
   99.500000  -60.328491
  100.000000  -47.381523
  100.500000  -42.435993
  101.000000  -49.996513
  101.500000  -34.317814
  102.000000  -59.651279
  102.500000  -57.828785
  103.000000  -69.851730
  103.500000  -46.817825
  104.000000  -46.265717
  104.500000  -41.162991
  105.000000  -54.611473
  105.500000  -20.219746
  106.000000  -69.217690
  106.500000  -51.491322
  107.000000  -73.112885
  107.500000  -52.246143
  108.000000  -65.162811
  108.500000  -33.301563
  109.000000  -63.479820
  109.500000  -38.793354
  110.000000  -60.541031
  110.500000  -54.274094
  111.000000  -58.828274
  111.500000  -49.250443
  112.000000  -40.279408
  112.500000  -59.286469
  113.000000  -54.440010
  113.500000  -40.690880
  114.000000  -34.183315
  114.500000  -33.299644
  115.000000  -27.022112
  115.500000  -63.444901
  116.000000  -60.729942
  116.500000  -57.538673
  117.000000  -22.176125
  117.500000  -43.379074
  118.000000  -22.126001
  118.500000  -48.007797
  119.000000  -50.988094
  119.500000  -48.707260
  120.000000  -44.655571
  120.000000  -44.528992
  120.500000  -72.053719
  121.000000  -69.458000
  121.500000  -64.762939
  122.000000  -43.439747
  122.500000  -60.811119
  123.000000  -54.174900
  123.500000  -49.045059
  124.000000  -48.449001
  124.500000  -38.965446
  125.000000  -30.803713
  125.500000  -56.070152
  126.000000  -60.469929
  126.500000  -49.960941
  127.000000  -69.468704
  127.500000  -33.550293
  128.000000  -61.681751
  128.500000  -44.594994
  129.000000  -18.620152
  129.500000  -59.414658
  130.000000  -35.019474
  130.500000  -53.969692
  131.000000  -33.038692
  131.500000  -51.376938
  132.000000  -37.068993
  132.500000  -57.689934
  133.000000  -47.675232
  133.500000  -55.679485
  134.000000  -55.741539
  134.500000  -41.386314
  135.000000  -30.274767
  135.500000  -44.176483
  136.000000  -27.822330
  136.500000  -42.429790
  137.000000  -59.055298
  137.500000  -63.182968
  138.000000  -45.039024
  138.500000  -59.567612
  139.000000  -43.801224
  139.500000  -64.418533
  140.000000  -56.468124
  140.500000  -63.564213
  141.000000  -43.833191
  141.500000  -55.734886
  142.000000  -61.534355
  142.500000  -30.584692
  143.000000  -64.802505
  143.500000  -54.890873
  144.000000  -56.796551
  144.500000  -65.331070
  145.000000  -42.590450
  145.500000  -23.604134
  146.000000  -54.021194
  146.500000  -50.590229
  147.000000  -45.851273
  147.500000  -52.384617
  148.000000  -32.049774
  148.500000  -48.947235
  149.000000  -36.887672
  149.500000  -52.132767
  150.000000  -57.364944
  150.000000  -57.255325
  150.500000  -56.945045
  151.000000  -56.839882
  151.500000  -43.451099
  152.000000  -64.389008
  152.500000  -65.273201
  153.000000  -67.329025
  153.500000  -40.055779
  154.000000  -53.788086
  154.500000  -61.643585
  155.000000  -56.434185
  155.500000  -51.717442
  156.000000  -59.864399
  156.500000  -70.635712
  157.000000  -57.250568
  157.500000  -52.045673
  158.000000  -49.984001
  158.500000  -73.307938
  159.000000  -58.165936
  159.500000  -62.073570
  160.000000  -62.809628
  160.500000  -60.907040
  161.000000  -48.106861
  161.500000  -40.873909
  162.000000  -68.304718
  162.500000  -57.270180
  163.000000  -37.238014
  163.500000  -54.720032
  164.000000  -70.967453
  164.500000  -61.125240
  165.000000  -55.284946
  165.500000  -48.047684
  166.000000  -44.075802
  166.500000  -57.609978
  167.000000  -60.539196
  167.500000  -52.172398
  168.000000  -50.062538
  168.500000  -48.112965
  169.000000  -52.720913
  169.500000  -57.063316
  170.000000  -62.421833
  170.500000  -50.215820
  171.000000  -43.152088
  171.500000  -68.268822
  172.000000  -65.877350
  172.500000  -57.615662
  173.000000  -52.735497
  173.500000  -67.639511
  174.000000  -66.883865
  174.500000  -67.372604
  175.000000  -68.093651
  175.500000  -58.223854
  176.000000  -55.975899
  176.500000  -53.947201
  177.000000  -63.896648
  177.500000  -43.078148
  178.000000  -53.386433
  178.500000  -58.644970
  179.000000  -22.711609
  179.500000  -47.182903
  180.000000  -23.499599
  180.000000  -23.595331
  180.500000  -52.472027
  181.000000  -39.396866
  181.500000  -57.260380
  182.000000  -61.777988
  182.500000  -59.109982
  183.000000  -56.231209
  183.500000  -49.161884
  184.000000  -56.154354
  184.500000  -53.615005
  185.000000  -32.872749
  185.500000  -45.947296
  186.000000  -55.418854
  186.500000  -64.795441
  187.000000  -39.360931
  187.500000  -57.817989
  188.000000  -46.903957
  188.500000  -37.038158
  189.000000  -41.995399
  189.500000  -34.504177
  190.000000  -55.726639
  190.500000  -60.744003
  191.000000  -40.277210
  191.500000  -46.511307
  192.000000  -46.353973
  192.500000  -39.147240
  193.000000  -49.284946
  193.500000  -51.325615
  194.000000  -50.148277
  194.500000  -58.808628
  195.000000  -59.321487
  195.500000  -70.953438
  196.000000  -55.235275
  196.500000  -50.222847
  197.000000  -38.900879
  197.500000  -43.624428
  198.000000  -50.526321
  198.500000  -40.509136
  199.000000  -22.652826
  199.500000  -51.458595
  200.000000  -52.314816
  200.500000  -54.589439
  201.000000  -59.058727
  201.500000  -65.696999
  202.000000  -55.027416
  202.500000  -46.117783
  203.000000  -34.237797
  203.500000  -33.754066
  204.000000  -57.325138
  204.500000  -48.660015
  205.000000  -44.149548
  205.500000  -62.396461
  206.000000  -43.300526
  206.500000  -57.761589
  207.000000  -35.227554
  207.500000  -33.231522
  208.000000  -59.136074
  208.500000  -45.811935
  209.000000  -49.830864
  209.500000  -40.505573
  210.000000  -35.457371
  210.000000  -35.399696
  210.500000  -51.057377
  211.000000  -48.210247
  211.500000  -55.449127
  212.000000  -56.577797
  212.500000  -61.652699
  213.000000  -56.382019
  213.500000  -48.007263
  214.000000  -43.244438
  214.500000  -53.005733
  215.000000  -55.305225
  215.500000  -59.057602
  216.000000  -62.968666
  216.500000  -31.624422
  217.000000  -41.032627
  217.500000  -57.454220
  218.000000  -50.646851
  218.500000  -56.551426
  219.000000  -42.879955
  219.500000  -49.891232
  220.000000  -43.174740
  220.500000  -59.587605
  221.000000  -58.045708
  221.500000  -50.629826
  222.000000  -48.041504
  222.500000  -35.006676
  223.000000  -41.638294
  223.500000  -52.281300
  224.000000  -31.406752
  224.500000  -51.606804
  225.000000  -38.672211
  225.500000  -63.097668
  226.000000  -39.187836
  226.500000  -38.662479
  227.000000  -49.861160
  227.500000  -49.109203
  228.000000  -53.781906
  228.500000  -56.475021
  229.000000  -55.355011
  229.500000  -44.647751
  230.000000  -39.013618
  230.500000  -34.426689
  231.000000  -62.127815
  231.500000  -52.253128
  232.000000  -58.001553
  232.500000  -41.781136
  233.000000  -68.880013
  233.500000  -46.871284
  234.000000  -48.891232
  234.500000  -52.430183
  235.000000  -59.402615
  235.500000  -61.614368
  236.000000  -59.172626
  236.500000  -62.590771
  237.000000  -31.417921
  237.500000  -46.015148
  238.000000  -42.913605
  238.500000  -46.431805
  239.000000  -12.173712
  239.500000  -47.572227
  240.000000  -45.949978
  240.500000  -43.759251
  241.000000  -52.843346
  241.500000  -54.789032
  242.000000  -55.627029
  242.500000  -39.653793
  243.000000  -47.601620
  243.500000  -41.281773
  244.000000  -61.943371
  244.500000  -52.158024
  245.000000  -42.644157
  245.500000  -40.980335
  246.000000  -47.642166
  246.500000  -52.494804
  247.000000  -38.137016
  247.500000  -56.756954
  248.000000  -58.742004
  248.500000  -52.720615
  249.000000  -62.761177
  249.500000  -56.457619
  250.000000  -68.407120
  250.500000  -59.043133
  251.000000  -60.819832
  251.500000  -55.737034
  252.000000  -43.275734
  252.500000  -28.079208
  253.000000  -62.019028
  253.500000  -52.371159
  254.000000  -66.583611
  254.500000  -42.062618
  255.000000  -57.506092
  255.500000  -58.411453
  256.000000  -52.420185
  256.500000  -55.502110
  257.000000  -64.188797
  257.500000  -48.733269
  258.000000  -54.094879
  258.500000  -68.362701
  259.000000  -69.039856
  259.500000  -51.364258
  260.000000  -54.544388
  260.500000  -57.756847
  261.000000  -52.654785
  261.500000  -58.025642
  262.000000  -67.214943
  262.500000  -57.844639
  263.000000  -59.467587
  263.500000  -52.815239
  264.000000  -41.512852
  264.500000  -49.888447
  265.000000  -54.548485
  265.500000  -47.258553
  266.000000  -59.098961
  266.500000  -42.117027
  267.000000  -55.592903
  267.500000  -44.462646
  268.000000  -35.404922
  268.500000  -57.549519
  269.000000  -58.807442
  269.500000  -48.757408
  270.000000  -60.641415
  270.000000  -60.636124
  270.500000  -53.710140
  271.000000  -49.368008
  271.500000  -74.470795
  272.000000  -65.891472
  272.500000  -63.157146
  273.000000  -48.939320
  273.500000  -64.246727
  274.000000  -58.360645
  274.500000  -47.836189
  275.000000  -57.885738
  275.500000  -50.961647
  276.000000  -50.038578
  276.500000  -51.098679
  277.000000  -52.669552
  277.500000  -61.469837
  278.000000  -34.459419
  278.500000  -60.604111
  279.000000  -58.884300
  279.500000  -59.479996
  280.000000  -66.673424
  280.500000  -55.331551
  281.000000  -54.560234
  281.500000  -62.834385
  282.000000  -49.729416
  282.500000  -58.289326
  283.000000  -56.623863
  283.500000  -66.079430
  284.000000  -61.777580
  284.500000  -53.690807
  285.000000  -51.943237
  285.500000  -51.759449
  286.000000  -69.342857
  286.500000  -38.155087
  287.000000  -49.506626
  287.500000  -66.940643
  288.000000  -60.981411
  288.500000  -58.782711
  289.000000  -64.076935
  289.500000  -57.481766
  290.000000  -69.175369
  290.500000  -44.487446
  291.000000  -53.674740
  291.500000  -53.900372
  292.000000  -36.753151
  292.500000  -60.453930
  293.000000  -38.651932
  293.500000  -56.180828
  294.000000  -62.799988
  294.500000  -50.953030
  295.000000  -57.066689
  295.500000  -66.270401
  296.000000  -45.239002
  296.500000  -62.628887
  297.000000  -59.714466
  297.500000  -56.839470
  298.000000  -44.219391
  298.500000  -37.983124
  299.000000  -44.713909
  299.500000  -40.746216
  300.000000  -49.315659
