    0.000000  -63.263962
    1.000000  -43.833279
    2.000000  -46.743969
    3.000000  -31.584766
    4.000000  -43.519825
    5.000000  -55.823952
    6.000000  -59.942963
    7.000000  -34.720184
    8.000000  -40.776718
    9.000000  -43.174728
   10.000000  -46.819130
   11.000000  -26.857624
   12.000000  -54.561569
   13.000000  -35.812408
   14.000000  -54.172386
   15.000000  -43.244377
   16.000000  -49.782505
   17.000000  -25.532694
   18.000000  -41.698410
   19.000000  -36.642925
   20.000000  -25.197004
   21.000000  -39.418427
   22.000000  -43.330017
   23.000000  -46.725544
   24.000000  -56.010689
   25.000000  -39.782837
   26.000000  -42.945572
   27.000000  -45.893631
   28.000000  -32.700630
   29.000000  -41.740494
   30.000000  -51.266495
   31.000000  -31.584175
   32.000000  -17.722521
   33.000000  -49.816540
   34.000000  -50.366348
   35.000000  -20.598011
   36.000000  -25.468678
   37.000000  -40.513863
   38.000000  -21.393423
   39.000000  -43.062294
   40.000000  -37.669624
   41.000000  -61.449715
   42.000000  -44.889374
   43.000000  -38.686138
   44.000000  -34.061184
   45.000000  -20.187057
   46.000000  -25.664362
   47.000000  -38.605057
   48.000000   11.978561
   49.000000  -16.041681
   50.000000  -25.576303
   51.000000  -28.131670
   52.000000  -12.179060
   53.000000  -38.919632
   54.000000  -26.634716
   55.000000   -6.894505
   56.000000  -30.474890
   57.000000  -25.382376
   58.000000    3.221058
   59.000000  -40.996906
   60.000000  -31.486008
    0.000000  -31.576178
    0.500000  -22.341093
    1.000000  -47.675293
    1.500000  -29.724401
    2.000000  -51.453529
    2.500000  -29.033615
    3.000000  -47.754532
    3.500000  -46.982918
    4.000000  -47.351013
    4.500000  -20.279163
    5.000000  -38.630821
    5.500000  -21.381790
    6.000000  -47.284943
    6.500000  -49.828693
    7.000000  -31.311954
    7.500000  -41.809166
    8.000000  -57.925224
    8.500000  -46.089554
    9.000000  -38.338196
    9.500000  -55.499592
   10.000000  -46.086334
   10.500000  -34.074600
   11.000000  -36.912533
   11.500000  -41.848526
   12.000000  -40.772057
   12.500000  -57.948521
   13.000000  -57.120720
   13.500000  -41.034779
   14.000000  -36.707497
   14.500000  -17.502758
   15.000000  -48.400536
   15.500000  -47.726566
   16.000000  -28.144335
   16.500000  -39.772034
   17.000000  -37.867455
   17.500000  -40.794144
   18.000000  -43.730865
   18.500000  -54.446526
   19.000000  -13.777256
   19.500000  -24.849651
   20.000000  -49.982174
   20.500000  -34.736870
   21.000000  -38.599884
   21.500000  -29.320412
   22.000000  -41.891556
   22.500000  -39.159916
   23.000000  -25.840714
   23.500000  -60.197823
   24.000000  -42.879070
   24.500000  -38.186687
   25.000000  -61.922340
   25.500000  -18.548317
   26.000000  -48.760666
   26.500000  -27.942665
   27.000000  -40.109779
   27.500000  -44.755310
   28.000000  -36.787437
   28.500000  -12.616513
   29.000000  -49.083008
   29.500000  -61.236969
   30.000000  -47.527737
    0.000000  -47.602287
    0.500000  -49.419624
    1.000000  -56.779968
    1.500000  -61.065239
    2.000000  -55.207329
    2.500000  -40.558067
    3.000000  -41.854141
    3.500000  -35.461376
    4.000000  -40.416809
    4.500000  -49.193630
    5.000000  -39.148273
    5.500000  -38.427429
    6.000000  -48.856750
    6.500000  -16.496338
    7.000000  -20.723866
    7.500000  -47.519043
    8.000000  -55.614681
    8.500000  -32.414719
    9.000000  -40.542229
    9.500000  -48.716263
   10.000000  -42.280903
   10.500000  -28.972519
   11.000000  -38.104309
   11.500000  -24.650784
   12.000000  -50.927528
   12.500000  -42.879795
   13.000000  -49.288483
   13.500000  -35.181831
   14.000000  -38.713120
   14.500000  -26.270689
   15.000000  -49.293877
   15.500000  -23.201265
   16.000000  -51.163124
   16.500000  -38.587997
   17.000000  -54.059387
   17.500000  -41.977768
   18.000000  -51.236107
   18.500000  -19.378242
   19.000000  -43.913620
   19.500000  -42.558945
   20.000000  -43.215328
   20.500000  -40.503357
   21.000000  -53.215225
   21.500000  -38.718819
   22.000000  -42.795425
   22.500000  -48.226173
   23.000000  -43.514610
   23.500000  -31.531937
   24.000000  -23.697289
   24.500000  -18.554873
   25.000000  -25.557512
   25.500000  -54.397858
   26.000000  -51.207520
   26.500000  -51.552731
   27.000000   -6.139856
   27.500000  -33.983650
   28.000000   -8.034615
   28.500000  -39.215343
   29.000000  -37.174400
   29.500000  -35.881596
   30.000000  -31.822311
    0.000000  -31.708771
    0.500000  -52.970154
    1.000000  -51.244911
    1.500000  -46.661438
    2.000000  -31.408737
    2.500000  -52.081223
    3.000000  -40.166634
    3.500000  -41.564362
    4.000000  -39.215019
    4.500000  -37.489128
    5.000000   -9.116290
    5.500000  -45.293243
    6.000000  -55.269012
    6.500000  -32.811363
    7.000000  -46.618248
    7.500000  -25.977818
    8.000000  -46.513123
    8.500000  -34.586239
    9.000000   -9.790814
    9.500000  -43.090229
   10.000000  -15.438032
   10.500000  -39.738686
   11.000000  -20.418901
   11.500000  -44.129620
   12.000000  -31.038971
   12.500000  -46.912445
   13.000000  -40.181137
   13.500000  -42.857071
   14.000000  -44.657173
   14.500000  -36.829712
   15.000000  -20.628283
   15.500000  -34.337749
   16.000000  -32.827160
   16.500000  -31.617638
   17.000000  -47.032246
   17.500000  -50.555996
   18.000000  -42.790997
   18.500000  -51.403809
   19.000000  -34.689137
   19.500000  -59.294060
   20.000000  -45.448792
   20.500000  -45.590580
   21.000000  -38.372330
   21.500000  -47.702087
   22.000000  -44.853180
   22.500000  -26.782524
   23.000000  -49.689854
   23.500000  -51.125374
   24.000000  -36.996284
   24.500000  -53.102554
   25.000000  -28.771093
   25.500000  -32.984352
   26.000000  -44.895485
   26.500000  -40.364456
   27.000000  -39.359962
   27.500000  -38.431129
   28.000000  -29.478909
   28.500000  -42.913643
   29.000000  -19.947742
   29.500000  -40.640732
   30.000000  -48.738182
    0.000000  -48.664764
    0.500000  -48.783844
    1.000000  -42.934410
    1.500000  -23.689013
    2.000000  -51.980709
    2.500000  -54.977486
    3.000000  -50.300098
    3.500000  -19.937958
    4.000000  -38.839867
    4.500000  -45.987850
    5.000000  -39.469467
    5.500000  -40.819946
    6.000000  -46.249302
    6.500000  -56.324738
    7.000000  -50.947792
    7.500000  -37.534634
    8.000000  -49.482212
    8.500000  -59.183861
    9.000000  -45.683964
    9.500000  -45.325981
   10.000000  -46.711754
   10.500000  -53.992645
   11.000000  -36.065193
   11.500000  -28.558170
   12.000000  -49.797649
   12.500000  -45.693481
   13.000000  -28.425898
   13.500000  -40.347546
   14.000000  -55.681900
   14.500000  -50.352547
   15.000000  -45.461727
   15.500000  -30.084383
   16.000000  -35.231171
   16.500000  -49.925972
   17.000000  -47.408897
   17.500000  -37.941818
   18.000000  -46.802147
   18.500000  -35.681126
   19.000000  -40.037941
   19.500000  -49.945179
   20.000000  -47.022179
   20.500000  -52.818436
   21.000000  -37.297058
   21.500000  -55.965080
   22.000000  -49.289124
   22.500000  -46.165352
   23.000000  -38.290367
   23.500000  -54.617729
   24.000000  -53.460411
   24.500000  -53.865791
   25.000000  -54.799080
   25.500000  -48.157089
   26.000000  -42.353439
   26.500000  -43.678276
   27.000000  -53.121223
   27.500000  -46.458759
   28.000000  -48.572731
   28.500000  -45.359375
   29.000000  -27.361353
   29.500000  -43.084942
   30.000000  -13.914557
    0.000000  -14.025290
    0.500000  -46.656475
    1.000000  -30.571835
    1.500000  -41.252571
    2.000000  -48.105404
    2.500000  -43.772400
    3.000000  -44.614925
    3.500000  -37.335930
    4.000000  -42.484699
    4.500000  -36.890423
    5.000000  -25.578478
    5.500000  -33.740067
    6.000000  -42.940506
    6.500000  -49.311531
    7.000000  -30.785074
    7.500000  -48.112556
    8.000000  -42.837402
    8.500000  -28.290001
    9.000000  -36.589493
    9.500000  -23.540665
   10.000000  -38.110596
   10.500000  -51.335564
   11.000000  -35.951225
   11.500000  -39.654324
   12.000000  -36.492737
   12.500000  -36.842419
   13.000000  -45.358513
   13.500000  -36.214874
   14.000000  -36.655457
   14.500000  -46.849449
   15.000000  -40.630314
   15.500000  -54.713501
   16.000000  -47.748920
   16.500000  -42.130638
   17.000000  -23.476080
   17.500000  -35.126144
   18.000000  -37.121937
   18.500000  -31.453259
   19.000000  -10.557108
   19.500000  -34.912392
   20.000000  -34.134113
   20.500000  -34.113232
   21.000000  -48.083298
   21.500000  -51.532219
   22.000000  -39.750519
   22.500000  -32.845146
   23.000000  -15.008329
   23.500000  -21.568489
   24.000000  -57.417801
   24.500000  -48.463997
   25.000000  -37.480099
   25.500000  -56.261868
   26.000000  -32.251823
   26.500000  -44.190643
   27.000000  -36.291763
   27.500000  -36.597755
   28.000000  -47.362701
   28.500000  -43.887169
   29.000000  -44.157345
   29.500000  -39.793724
   30.000000  -21.857853
    0.000000  -21.801222
    0.500000  -37.430470
    1.000000  -41.901649
    1.500000  -52.418522
    2.000000  -45.862522
    2.500000  -52.806736
    3.000000  -51.190941
    3.500000  -40.899864
    4.000000  -47.893753
    4.500000  -38.318474
    5.000000  -51.360138
    5.500000  -52.982666
    6.000000  -54.871841
    6.500000  -25.730724
    7.000000  -35.361111
    7.500000  -49.161034
    8.000000  -38.912437
    8.500000  -46.790375
    9.000000  -34.385479
    9.500000  -39.521183
   10.000000  -29.227684
   10.500000  -48.989166
   11.000000  -52.718422
   11.500000  -43.072128
   12.000000  -41.499729
   12.500000  -30.312065
   13.000000  -35.192360
   13.500000  -48.560909
   14.000000  -24.874197
   14.500000  -43.824394
   15.000000  -30.590498
   15.500000  -55.129974
   16.000000  -38.981060
   16.500000  -28.906738
   17.000000  -41.563576
   17.500000  -39.241844
   18.000000  -52.979168
   18.500000  -42.792381
   19.000000  -46.332306
   19.500000  -43.274399
   20.000000  -38.520023
   20.500000  -21.357922
   21.000000  -51.353134
   21.500000  -44.637367
   22.000000  -44.574230
   22.500000  -37.481613
   23.000000  -55.468987
   23.500000  -41.543152
   24.000000  -42.089684
   24.500000  -40.046959
   25.000000  -50.444618
   25.500000  -52.978745
   26.000000  -49.429840
   26.500000  -49.682083
   27.000000  -26.366653
   27.500000  -42.588497
   28.000000  -31.744568
   28.500000  -38.205933
   29.000000  -30.164257
   29.500000  -42.094383
   30.000000  -37.137177
   30.500000  -41.590294
   31.000000  -46.106758
   31.500000  -48.835930
   32.000000  -42.919312
   32.500000  -29.758419
   33.000000  -44.674690
   33.500000  -31.725569
   34.000000  -52.522018
   34.500000  -43.701817
   35.000000  -45.583504
   35.500000  -35.599289
   36.000000  -38.012894
   36.500000  -41.652981
   37.000000  -37.182400
   37.500000  -49.765007
   38.000000  -41.360718
   38.500000  -47.728390
   39.000000  -51.320045
   39.500000  -36.864113
   40.000000  -53.342834
   40.500000  -41.763680
   41.000000  -49.357635
   41.500000  -41.120064
   42.000000  -39.557671
   42.500000  -26.407288
   43.000000  -45.471680
   43.500000  -40.385468
   44.000000  -58.116390
   44.500000  -42.510796
   45.000000  -43.351871
   45.500000  -47.688705
   46.000000  -37.407455
   46.500000  -44.441841
   47.000000  -52.899940
   47.500000  -48.189953
   48.000000  -56.658806
   48.500000  -54.557217
   49.000000  -56.985668
   49.500000  -43.578743
   50.000000  -54.130257
   50.500000  -55.222092
   51.000000  -41.745838
   51.500000  -46.914780
   52.000000  -59.503231
   52.500000  -46.927208
   53.000000  -41.923973
   53.500000  -36.510117
   54.000000  -34.616241
   54.500000  -33.096115
   55.000000  -46.752373
   55.500000  -47.655762
   56.000000  -44.481823
   56.500000  -46.477104
   57.000000  -43.769051
   57.500000  -51.115097
   58.000000  -23.447870
   58.500000  -45.840546
   59.000000  -45.260891
   59.500000  -40.092697
   60.000000  -45.054718
    0.000000  -45.060555
    0.500000  -50.032501
    1.000000  -49.138222
    1.500000  -64.135193
    2.000000  -50.985989
    2.500000  -52.603420
    3.000000  -38.159718
    3.500000  -50.282410
    4.000000  -45.677715
    4.500000  -37.336224
    5.000000  -52.723679
    5.500000  -47.289749
    6.000000  -42.308167
    6.500000  -51.360344
    7.000000  -42.916172
    7.500000  -49.232468
    8.000000  -28.024948
    8.500000  -52.442436
    9.000000  -46.260643
    9.500000  -46.265213
   10.000000  -52.122364
   10.500000  -42.657486
   11.000000  -54.005741
   11.500000  -52.619713
   12.000000  -43.601395
   12.500000  -46.730751
   13.000000  -50.587112
   13.500000  -51.929741
   14.000000  -57.401093
   14.500000  -50.681053
   15.000000  -52.122231
   15.500000  -35.041718
   16.000000  -52.588730
   16.500000  -22.819572
   17.000000  -43.281761
   17.500000  -53.036827
   18.000000  -45.913986
   18.500000  -50.502327
   19.000000  -48.919006
   19.500000  -51.792694
   20.000000  -58.642605
   20.500000  -42.751003
   21.000000  -27.434071
   21.500000  -46.685570
   22.000000  -31.377718
   22.500000  -44.511215
   23.000000  -45.326260
   23.500000  -43.041691
   24.000000  -54.621971
   24.500000  -43.104111
   25.000000  -50.512028
   25.500000  -53.029770
   26.000000  -39.611946
   26.500000  -47.038124
   27.000000  -46.036057
   27.500000  -51.581947
   28.000000  -32.323448
   28.500000  -30.986496
   29.000000  -43.857422
   29.500000  -34.841904
   30.000000  -32.703293
