    0.000000  -4611.536133
    1.000000  -4528.245117
    2.000000  -4700.222168
    3.000000  -4691.519043
    4.000000  -4753.815918
    5.000000  -4682.105957
    6.000000  -4635.647461
    7.000000  -4560.012695
    8.000000  -4742.818359
    9.000000  -4788.512207
   10.000000  -4761.829590
   11.000000  -4677.556152
   12.000000  -4654.812500
   13.000000  -4830.573730
   14.000000  -4814.225586
   15.000000  -4835.774902
   16.000000  -4732.365723
   17.000000  -4668.850586
   18.000000  -4739.791992
   19.000000  -4735.500488
   20.000000  -4743.804688
   21.000000  -4670.744141
   22.000000  -4676.313477
   23.000000  -4653.219238
   24.000000  -4699.098145
   25.000000  -4619.762695
   26.000000  -4568.890137
   27.000000  -4604.673828
   28.000000  -4654.422852
   29.000000  -4732.406738
   30.000000  -4712.871582
   31.000000  -4621.469727
   32.000000  -4666.138672
   33.000000  -4721.634766
   34.000000  -4685.059082
   35.000000  -4687.843750
   36.000000  -4667.377930
   37.000000  -4370.139648
   38.000000  -4515.184570
   39.000000  -4839.157715
   40.000000  -4534.361816
   41.000000  -4518.714844
   42.000000  -4715.797852
   43.000000  -4664.365234
   44.000000  -4518.287598
   45.000000  -4433.219727
   46.000000  -4469.538574
   47.000000  -4409.956543
   48.000000  -4506.585449
   49.000000  -4338.946777
   50.000000  -4257.422363
   51.000000  -4435.440918
   52.000000  -4091.492188
   53.000000  -4341.769531
   54.000000  -4312.696777
   55.000000  -4052.161865
   56.000000  -4143.130371
   57.000000  -4086.216797
   58.000000  -4158.408203
   59.000000  -4021.673096
   60.000000  -4021.906494
   60.000000  -4020.583740
   60.500000  -4632.600098
   61.000000  -4369.671387
   61.500000  -4472.316895
   62.000000  -4475.173340
   62.500000  -4342.318359
   63.000000  -4495.248535
   63.500000  -4299.482910
   64.000000  -4205.735352
   64.500000  -4465.842773
   65.000000  -4192.944336
   65.500000  -4279.383301
   66.000000  -4373.253906
   66.500000  -4317.279297
   67.000000  -4267.523926
   67.500000  -4392.522949
   68.000000  -4194.457520
   68.500000  -4170.063965
   69.000000  -4333.729004
   69.500000  -4198.474121
   70.000000  -4059.860107
   70.500000  -4178.986816
   71.000000  -4109.381348
   71.500000  -4057.644775
   72.000000  -4101.047852
   72.500000  -4240.350098
   73.000000  -4278.939941
   73.500000  -4167.603027
   74.000000  -4243.770996
   74.500000  -4171.069824
   75.000000  -4132.413574
   75.500000  -4122.236328
   76.000000  -4258.341797
   76.500000  -4176.093262
   77.000000  -4210.306641
   77.500000  -4300.368164
   78.000000  -4008.172363
   78.500000  -4110.201172
   79.000000  -4162.584961
   79.500000  -4210.947754
   80.000000  -4145.047852
   80.500000  -4304.604492
   81.000000  -4137.746094
   81.500000  -4442.607910
   82.000000  -4115.513184
   82.500000  -4108.704102
   83.000000  -4084.902100
   83.500000  -3993.125977
   84.000000  -4026.126221
   84.500000  -3998.585693
   85.000000  -4187.740723
   85.500000  -4002.505615
   86.000000  -4139.659668
   86.500000  -4005.001709
   87.000000  -3965.330811
   87.500000  -3959.559082
   88.000000  -3973.839600
   88.500000  -3914.994141
   89.000000  -3928.269287
   89.500000  -4088.889648
   90.000000  -3909.861328
   90.000000  -3907.043701
   90.500000  -4334.582031
   91.000000  -4254.654785
   91.500000  -4020.359619
   92.000000  -4256.841797
   92.500000  -4225.790527
   93.000000  -4062.252441
   93.500000  -4203.367188
   94.000000  -4341.521973
   94.500000  -4307.978027
   95.000000  -4161.939453
   95.500000  -4256.131348
   96.000000  -4307.021484
   96.500000  -4204.916016
   97.000000  -4146.186523
   97.500000  -4198.650391
   98.000000  -4163.659180
   98.500000  -4194.681641
   99.000000  -4200.370605
   99.500000  -4302.875977
  100.000000  -4180.746094
  100.500000  -4263.141602
  101.000000  -4236.219727
  101.500000  -4199.037109
  102.000000  -4261.981934
  102.500000  -4283.346680
  103.000000  -4413.486328
  103.500000  -4197.772461
  104.000000  -4259.134277
  104.500000  -4194.251953
  105.000000  -4321.219727
  105.500000  -4203.217285
  106.000000  -4213.413086
  106.500000  -4405.252441
  107.000000  -4177.513672
  107.500000  -4307.717285
  108.000000  -4337.862793
  108.500000  -4375.023438
  109.000000  -4228.151367
  109.500000  -4364.731934
  110.000000  -4303.912109
  110.500000  -4170.606934
  111.000000  -4209.749512
  111.500000  -4370.227051
  112.000000  -4453.928223
  112.500000  -4385.068359
  113.000000  -4313.181641
  113.500000  -4126.505371
  114.000000  -4249.637207
  114.500000  -4209.814941
  115.000000  -4224.355957
  115.500000  -4142.196777
  116.000000  -4204.896973
  116.500000  -4293.761230
  117.000000  -4125.247070
  117.500000  -4190.713867
  118.000000  -4113.454590
  118.500000  -4358.181641
  119.000000  -4177.893555
  119.500000  -4082.589844
  120.000000  -4330.678223
  120.000000  -4332.859863
  120.500000  -4485.945801
  121.000000  -4327.145020
  121.500000  -4424.156738
  122.000000  -4302.888672
  122.500000  -4251.339844
  123.000000  -4248.979492
  123.500000  -4235.262695
  124.000000  -4167.824707
  124.500000  -4181.252441
  125.000000  -4199.852051
  125.500000  -4111.261230
  126.000000  -4172.666016
  126.500000  -4152.051758
  127.000000  -4012.573486
  127.500000  -4092.229248
  128.000000  -4142.444336
  128.500000  -4211.402344
  129.000000  -4157.440918
  129.500000  -4104.332520
  130.000000  -4060.613770
  130.500000  -4027.064453
  131.000000  -4197.597656
  131.500000  -4143.037109
  132.000000  -4090.929443
  132.500000  -4097.486328
  133.000000  -4126.339355
  133.500000  -4213.952637
  134.000000  -4129.119629
  134.500000  -4051.144043
  135.000000  -4179.205078
  135.500000  -4227.606934
  136.000000  -4148.642090
  136.500000  -4173.035156
  137.000000  -4213.546387
  137.500000  -4284.413574
  138.000000  -4194.677734
  138.500000  -4305.221191
  139.000000  -4065.643799
  139.500000  -4183.893066
  140.000000  -4248.702637
  140.500000  -4144.906250
  141.000000  -4146.990723
  141.500000  -4278.203613
  142.000000  -4154.482910
  142.500000  -4180.760742
  143.000000  -4156.906250
  143.500000  -4193.241211
  144.000000  -4089.072021
  144.500000  -4180.179199
  145.000000  -4164.760254
  145.500000  -4217.209473
  146.000000  -4088.729004
  146.500000  -4206.277344
  147.000000  -4176.365234
  147.500000  -4136.854980
  148.000000  -4043.354980
  148.500000  -4108.192871
  149.000000  -4052.522949
  149.500000  -4035.611816
  150.000000  -3899.968994
  150.000000  -3899.337891
  150.500000  -4263.560547
  151.000000  -4068.171875
  151.500000  -4010.763672
  152.000000  -4079.812744
  152.500000  -4230.262695
  153.000000  -4216.650391
  153.500000  -4225.246094
  154.000000  -4292.936035
  154.500000  -4140.948730
  155.000000  -4047.956787
  155.500000  -4168.422363
  156.000000  -4100.785156
  156.500000  -4007.943115
  157.000000  -4065.633057
  157.500000  -4098.565430
  158.000000  -4134.641113
  158.500000  -4128.289551
  159.000000  -4083.005127
  159.500000  -4221.033203
  160.000000  -4125.048340
  160.500000  -4176.670898
  161.000000  -4146.386230
  161.500000  -4273.071777
  162.000000  -4115.917969
  162.500000  -4080.675049
  163.000000  -4188.087891
  163.500000  -4148.289551
  164.000000  -4136.886230
  164.500000  -4153.855469
  165.000000  -4200.691406
  165.500000  -4235.557129
  166.000000  -4324.040039
  166.500000  -4318.447266
  167.000000  -4299.758789
  167.500000  -4363.758301
  168.000000  -4267.862793
  168.500000  -4142.257812
  169.000000  -4073.053711
  169.500000  -4090.775391
  170.000000  -4133.786133
  170.500000  -4161.731445
  171.000000  -4055.949463
  171.500000  -4205.331055
  172.000000  -4110.171875
  172.500000  -4157.106934
  173.000000  -4183.374023
  173.500000  -4133.553711
  174.000000  -4097.074707
  174.500000  -4125.875000
  175.000000  -4075.871338
  175.500000  -4133.752930
  176.000000  -4199.356934
  176.500000  -4293.733887
  177.000000  -4179.748535
  177.500000  -4172.964844
  178.000000  -4373.923828
  178.500000  -4241.240234
  179.000000  -4225.901855
  179.500000  -4206.449707
  180.000000  -4256.877930
  180.000000  -4257.411621
  180.500000  -4381.629395
  181.000000  -4317.209961
  181.500000  -4404.501465
  182.000000  -4372.077637
  182.500000  -4245.919434
  183.000000  -4315.550781
  183.500000  -4351.802246
  184.000000  -4381.479492
  184.500000  -4449.486328
  185.000000  -4315.271973
  185.500000  -4386.307129
  186.000000  -4284.246582
  186.500000  -4342.785645
  187.000000  -4276.482422
  187.500000  -4251.113770
  188.000000  -4377.626953
  188.500000  -4374.920410
  189.000000  -4301.071289
  189.500000  -4327.464355
  190.000000  -4350.987305
  190.500000  -4409.334961
  191.000000  -4203.911133
  191.500000  -4354.458008
  192.000000  -4230.273438
  192.500000  -4313.773926
  193.000000  -4350.854980
  193.500000  -4260.410156
  194.000000  -4384.269043
  194.500000  -4292.996582
  195.000000  -4279.680176
  195.500000  -4273.527832
  196.000000  -4280.803223
  196.500000  -4254.140137
  197.000000  -4187.865723
  197.500000  -4250.652344
  198.000000  -4258.145996
  198.500000  -4218.854004
  199.000000  -4214.121094
  199.500000  -4167.278809
  200.000000  -4231.829102
  200.500000  -4265.045410
  201.000000  -4175.173828
  201.500000  -4325.364746
  202.000000  -4211.833008
  202.500000  -4295.638184
  203.000000  -4354.209473
  203.500000  -4277.112305
  204.000000  -4252.674316
  204.500000  -4301.192871
  205.000000  -4397.438477
  205.500000  -4274.098633
  206.000000  -4209.094727
  206.500000  -4333.889160
  207.000000  -4273.687012
  207.500000  -4226.966309
  208.000000  -4230.166992
  208.500000  -4269.390625
  209.000000  -4123.123535
  209.500000  -4127.306152
  210.000000  -4236.217773
  210.000000  -4236.216309
  210.500000  -4362.062988
  211.000000  -4321.058105
  211.500000  -4195.079102
  212.000000  -4275.384277
  212.500000  -4317.122070
  213.000000  -4246.086914
  213.500000  -4229.392578
  214.000000  -4085.711670
  214.500000  -4209.563965
  215.000000  -4233.566895
  215.500000  -4313.891602
  216.000000  -4276.240234
  216.500000  -4349.326660
  217.000000  -4261.234863
  217.500000  -4308.281250
  218.000000  -4332.662598
  218.500000  -4349.153809
  219.000000  -4265.775879
  219.500000  -4244.038086
  220.000000  -4144.498535
  220.500000  -4216.786621
  221.000000  -4303.103516
  221.500000  -4333.982910
  222.000000  -4124.815918
  222.500000  -4281.840820
  223.000000  -4274.131348
  223.500000  -4144.799316
  224.000000  -4225.263672
  224.500000  -4314.669434
  225.000000  -4336.889648
  225.500000  -4266.319336
  226.000000  -4313.324219
  226.500000  -4317.594727
  227.000000  -4318.798340
  227.500000  -4283.002930
  228.000000  -4179.943848
  228.500000  -4209.847168
  229.000000  -4213.032227
  229.500000  -4262.184570
  230.000000  -4163.058105
  230.500000  -4148.219238
  231.000000  -4330.038086
  231.500000  -4257.557617
  232.000000  -4325.432617
  232.500000  -4263.650391
  233.000000  -4183.767090
  233.500000  -4197.990234
  234.000000  -4138.788574
  234.500000  -4301.968262
  235.000000  -4128.014648
  235.500000  -4101.177246
  236.000000  -4156.322266
  236.500000  -4197.483887
  237.000000  -4214.311523
  237.500000  -4254.077148
  238.000000  -4345.232910
  238.500000  -4178.877441
  239.000000  -4324.138184
  239.500000  -4163.008789
  240.000000  -4192.543457
  240.500000  -4101.683594
  241.000000  -4227.896973
  241.500000  -4111.313965
  242.000000  -4275.531250
  242.500000  -4249.748535
  243.000000  -4241.502930
  243.500000  -4145.196777
  244.000000  -4144.509277
  244.500000  -4139.077148
  245.000000  -4245.676758
  245.500000  -4206.074219
  246.000000  -4182.173828
  246.500000  -4236.015137
  247.000000  -4270.321289
  247.500000  -4296.682617
  248.000000  -4120.586914
  248.500000  -4117.295898
  249.000000  -4241.963379
  249.500000  -4082.007812
  250.000000  -4150.613770
  250.500000  -4142.606445
  251.000000  -4177.829102
  251.500000  -4131.954102
  252.000000  -4139.932129
  252.500000  -4112.168457
  253.000000  -4085.494873
  253.500000  -4042.942871
  254.000000  -4159.628418
  254.500000  -4175.659180
  255.000000  -4083.383545
  255.500000  -4136.259766
  256.000000  -4038.245117
  256.500000  -4234.781738
  257.000000  -4134.028320
  257.500000  -4171.853027
  258.000000  -4101.753418
  258.500000  -4111.666504
  259.000000  -4101.391602
  259.500000  -4077.296875
  260.000000  -4005.301758
  260.500000  -4090.481445
  261.000000  -4102.518066
  261.500000  -4089.481201
  262.000000  -4011.980469
  262.500000  -4206.526855
  263.000000  -4169.054199
  263.500000  -4138.883301
  264.000000  -4210.698242
  264.500000  -4238.776855
  265.000000  -4128.625977
  265.500000  -4089.562500
  266.000000  -4242.543945
  266.500000  -4263.079590
  267.000000  -4370.061523
  267.500000  -4170.466309
  268.000000  -4096.141113
  268.500000  -4178.614746
  269.000000  -4320.430664
  269.500000  -4223.140625
  270.000000  -4200.394531
  270.000000  -4200.679688
  270.500000  -4250.953613
  271.000000  -4116.879883
  271.500000  -4323.871582
  272.000000  -4314.813965
  272.500000  -4225.193359
  273.000000  -4279.049316
  273.500000  -4299.542969
  274.000000  -4179.968750
  274.500000  -4312.532715
  275.000000  -4297.083008
  275.500000  -4201.159180
  276.000000  -4153.808105
  276.500000  -4302.381348
  277.000000  -4303.704590
  277.500000  -4183.090820
  278.000000  -4313.384277
  278.500000  -4240.958984
  279.000000  -4227.209473
  279.500000  -4242.190918
  280.000000  -4257.472656
  280.500000  -4275.654297
  281.000000  -4364.172852
  281.500000  -4234.004395
  282.000000  -4305.687500
  282.500000  -4322.755371
  283.000000  -4374.995117
  283.500000  -4290.625977
  284.000000  -4387.756348
  284.500000  -4248.878418
  285.000000  -4277.124512
  285.500000  -4327.542969
  286.000000  -4252.915039
  286.500000  -4251.096191
  287.000000  -4396.348633
  287.500000  -4335.260742
  288.000000  -4213.386230
  288.500000  -4274.946777
  289.000000  -4127.822266
  289.500000  -4393.393066
  290.000000  -4285.707520
  290.500000  -4356.117188
  291.000000  -4329.403809
  291.500000  -4341.043457
  292.000000  -4375.372559
  292.500000  -4263.406250
  293.000000  -4139.413086
  293.500000  -4357.798828
  294.000000  -4238.827637
  294.500000  -4347.459473
  295.000000  -4384.923828
  295.500000  -4357.499023
  296.000000  -4415.789062
  296.500000  -4414.696289
  297.000000  -4287.177734
  297.500000  -4398.902344
  298.000000  -4222.717285
  298.500000  -4349.646973
  299.000000  -4347.559082
  299.500000  -4283.192383
  300.000000  -4361.395996
