    0.000000  -201.260773
    1.000000  -172.889587
    2.000000  -188.038345
    3.000000  -199.656464
    4.000000  -180.066833
    5.000000  -175.187042
    6.000000  -181.090118
    7.000000  -222.916077
    8.000000  -181.043228
    9.000000  -147.787781
   10.000000  -175.620636
   11.000000  -198.872375
   12.000000  -189.505646
   13.000000  -176.629715
   14.000000  -194.673141
   15.000000  -214.159485
   16.000000  -200.608536
   17.000000  -181.344131
   18.000000  -194.024551
   19.000000  -182.606628
   20.000000  -169.205811
   21.000000  -189.873947
   22.000000  -160.201263
   23.000000  -170.959106
   24.000000  -164.570694
   25.000000  -214.012070
   26.000000  -199.825104
   27.000000  -166.859406
   28.000000  -179.687790
   29.000000  -183.687805
   30.000000  -173.961487
   31.000000  -199.182770
   32.000000  -219.112549
   33.000000  -203.955444
   34.000000  -216.513565
   35.000000  -175.749023
   36.000000  -222.801132
   37.000000  -198.532898
   38.000000  -188.278076
   39.000000  -178.683105
   40.000000  -191.884186
   41.000000  -207.227417
   42.000000  -210.525009
   43.000000  -195.393234
   44.000000  -213.323364
   45.000000  -186.059357
   46.000000  -183.603699
   47.000000  -192.971756
   48.000000  -179.343643
   49.000000  -249.140747
   50.000000  -228.896011
   51.000000  -168.728195
   52.000000  -240.502472
   53.000000  -196.682922
   54.000000  -205.323837
   55.000000  -172.454346
   56.000000  -169.169708
   57.000000  -190.983856
   58.000000  -158.221954
   59.000000  -217.893951
   60.000000  -148.867477
    0.000000  -149.158005
    0.500000  -263.972809
    1.000000  -257.773346
    1.500000  -228.875732
    2.000000  -224.095215
    2.500000  -243.691818
    3.000000  -200.651733
    3.500000  -219.418213
    4.000000  -208.740448
    4.500000  -245.885376
    5.000000  -213.294174
    5.500000  -229.197266
    6.000000  -247.749222
    6.500000  -183.958221
    7.000000  -234.237061
    7.500000  -191.215149
    8.000000  -238.665680
    8.500000  -215.330521
    9.000000  -206.539886
    9.500000  -240.074402
   10.000000  -241.916443
   10.500000  -208.300323
   11.000000  -263.854736
   11.500000  -245.404266
   12.000000  -192.383728
   12.500000  -240.618805
   13.000000  -207.338776
   13.500000  -248.411560
   14.000000  -242.798309
   14.500000  -215.416962
   15.000000  -240.187805
   15.500000  -218.008179
   16.000000  -181.245926
   16.500000  -167.138977
   17.000000  -201.585770
   17.500000  -191.766541
   18.000000  -145.573395
   18.500000  -211.663361
   19.000000  -236.545715
   19.500000  -233.152313
   20.000000  -227.830780
   20.500000  -187.755646
   21.000000  -246.847412
   21.500000  -270.595703
   22.000000  -248.956024
   22.500000  -238.801071
   23.000000  -250.194336
   23.500000  -170.643188
   24.000000  -192.633270
   24.500000  -178.245941
   25.000000  -251.301727
   25.500000  -224.110535
   26.000000  -212.460495
   26.500000  -248.013855
   27.000000  -237.493301
   27.500000  -173.166245
   28.000000  -199.695450
   28.500000  -201.802063
   29.000000  -228.017975
   29.500000  -178.296600
   30.000000  -244.458191
    0.000000  -244.288559
    0.500000  -258.314606
    1.000000  -207.252945
    1.500000  -251.001968
    2.000000  -251.631775
    2.500000  -221.884430
    3.000000  -238.447708
    3.500000  -204.192078
    4.000000  -250.625687
    4.500000  -208.687897
    5.000000  -221.933075
    5.500000  -198.419006
    6.000000  -224.237259
    6.500000  -221.604095
    7.000000  -211.643204
    7.500000  -227.265717
    8.000000  -222.763611
    8.500000  -222.008087
    9.000000  -216.510803
    9.500000  -200.790787
   10.000000  -220.852875
   10.500000  -209.146591
   11.000000  -243.911407
   11.500000  -244.284119
   12.000000  -227.213074
   12.500000  -214.062729
   13.000000  -229.862671
   13.500000  -207.436264
   14.000000  -222.995880
   14.500000  -239.039185
   15.000000  -243.756561
   15.500000  -241.326263
   16.000000  -238.030334
   16.500000  -262.252533
   17.000000  -213.006592
   17.500000  -248.113846
   18.000000  -213.931183
   18.500000  -193.827286
   19.000000  -225.363556
   19.500000  -249.465637
   20.000000  -236.331390
   20.500000  -208.127014
   21.000000  -241.893204
   21.500000  -234.630402
   22.000000  -216.881058
   22.500000  -256.992920
   23.000000  -245.251282
   23.500000  -214.942291
   24.000000  -224.183716
   24.500000  -219.134735
   25.000000  -217.212158
   25.500000  -196.071838
   26.000000  -208.073196
   26.500000  -255.852982
   27.000000  -181.053253
   27.500000  -210.514252
   28.000000  -189.031738
   28.500000  -252.564117
   29.000000  -207.665588
   29.500000  -237.773773
   30.000000  -196.933075
    0.000000  -197.603302
    0.500000  -245.101562
    1.000000  -243.784119
    1.500000  -235.170242
    2.000000  -216.417603
    2.500000  -244.646530
    3.000000  -208.566772
    3.500000  -265.009583
    4.000000  -249.349304
    4.500000  -228.195923
    5.000000  -251.968552
    5.500000  -219.872513
    6.000000  -229.499161
    6.500000  -230.966034
    7.000000  -254.727112
    7.500000  -259.267487
    8.000000  -258.989349
    8.500000  -261.331543
    9.000000  -264.770905
    9.500000  -221.741425
   10.000000  -270.046356
   10.500000  -242.993652
   11.000000  -241.836243
   11.500000  -238.094009
   12.000000  -226.023926
   12.500000  -240.373657
   13.000000  -255.992676
   13.500000  -231.281876
   14.000000  -235.566101
   14.500000  -243.863434
   15.000000  -219.300537
   15.500000  -241.122818
   16.000000  -235.697327
   16.500000  -253.109848
   17.000000  -203.718552
   17.500000  -234.636261
   18.000000  -234.809784
   18.500000  -245.911469
   19.000000  -254.517914
   19.500000  -255.365021
   20.000000  -250.170502
   20.500000  -233.740723
   21.000000  -231.189728
   21.500000  -279.958893
   22.000000  -251.907166
   22.500000  -242.142212
   23.000000  -246.777893
   23.500000  -189.557220
   24.000000  -230.562500
   24.500000  -254.399506
   25.000000  -223.154144
   25.500000  -265.888367
   26.000000  -276.788818
   26.500000  -257.802979
   27.000000  -263.350067
   27.500000  -224.106903
   28.000000  -261.586639
   28.500000  -260.691833
   29.000000  -261.116486
   29.500000  -247.392807
   30.000000  -270.385925
    0.000000  -270.099243
    0.500000  -258.574493
    1.000000  -268.425903
    1.500000  -275.566559
    2.000000  -242.112213
    2.500000  -242.688171
    3.000000  -251.635513
    3.500000  -269.928406
    4.000000  -266.144928
    4.500000  -264.186523
    5.000000  -257.131958
    5.500000  -247.970856
    6.000000  -263.723328
    6.500000  -263.516937
    7.000000  -248.639740
    7.500000  -252.254944
    8.000000  -273.136719
    8.500000  -275.395355
    9.000000  -275.394043
    9.500000  -277.884460
   10.000000  -244.229797
   10.500000  -297.345612
   11.000000  -265.126953
   11.500000  -269.410278
   12.000000  -267.107178
   12.500000  -287.166046
   13.000000  -295.475098
   13.500000  -287.405579
   14.000000  -288.973419
   14.500000  -258.139648
   15.000000  -277.598267
   15.500000  -286.054382
   16.000000  -265.569885
   16.500000  -301.594574
   17.000000  -284.361572
   17.500000  -298.163147
   18.000000  -272.696136
   18.500000  -284.825287
   19.000000  -275.876190
   19.500000  -276.288239
   20.000000  -264.521973
   20.500000  -279.225861
   21.000000  -260.719727
   21.500000  -230.205994
   22.000000  -251.232910
   22.500000  -245.488647
   23.000000  -252.731979
   23.500000  -275.422394
   24.000000  -254.301331
   24.500000  -247.622650
   25.000000  -290.074615
   25.500000  -260.779205
   26.000000  -257.820129
   26.500000  -263.437622
   27.000000  -254.633224
   27.500000  -257.917694
   28.000000  -280.622314
   28.500000  -271.816376
   29.000000  -245.288193
   29.500000  -268.002319
   30.000000  -269.608307
    0.000000  -269.773193
    0.500000  -270.568970
    1.000000  -276.529175
    1.500000  -282.430115
    2.000000  -279.443390
    2.500000  -260.282196
    3.000000  -278.802460
    3.500000  -293.496277
    4.000000  -274.317780
    4.500000  -248.908844
    5.000000  -240.049103
    5.500000  -264.864655
    6.000000  -253.400711
    6.500000  -244.344833
    7.000000  -245.835663
    7.500000  -254.417450
    8.000000  -238.097992
    8.500000  -249.212585
    9.000000  -266.139313
    9.500000  -259.904785
   10.000000  -268.770203
   10.500000  -273.919586
   11.000000  -252.898453
   11.500000  -263.681763
   12.000000  -223.099670
   12.500000  -250.051941
   13.000000  -248.526138
   13.500000  -229.190689
   14.000000  -252.717117
   14.500000  -274.678009
   15.000000  -276.023743
   15.500000  -273.549805
   16.000000  -272.633972
   16.500000  -271.666290
   17.000000  -262.670105
   17.500000  -266.776306
   18.000000  -256.414185
   18.500000  -260.389282
   19.000000  -235.359695
   19.500000  -242.017059
   20.000000  -263.459473
   20.500000  -277.547699
   21.000000  -299.215851
   21.500000  -263.639221
   22.000000  -269.422028
   22.500000  -259.589111
   23.000000  -269.570038
   23.500000  -274.699036
   24.000000  -268.487610
   24.500000  -250.919098
   25.000000  -289.098633
   25.500000  -261.452209
   26.000000  -276.091461
   26.500000  -267.489288
   27.000000  -243.155441
   27.500000  -251.356476
   28.000000  -255.030624
   28.500000  -264.729370
   29.000000  -267.920715
   29.500000  -300.736664
   30.000000  -286.139282
    0.000000  -286.033691
    0.500000  -267.331604
    1.000000  -262.638885
    1.500000  -270.851471
    2.000000  -276.533051
    2.500000  -247.511017
    3.000000  -223.228882
    3.500000  -232.986588
    4.000000  -222.730118
    4.500000  -263.254211
    5.000000  -270.576721
    5.500000  -267.380249
    6.000000  -265.640564
    6.500000  -258.457520
    7.000000  -268.054138
    7.500000  -243.317688
    8.000000  -269.042358
    8.500000  -248.550873
    9.000000  -250.538651
    9.500000  -238.350616
   10.000000  -265.961609
   10.500000  -246.294296
   11.000000  -265.515045
   11.500000  -256.086853
   12.000000  -242.743866
   12.500000  -248.458099
   13.000000  -254.829971
   13.500000  -254.022278
   14.000000  -242.985352
   14.500000  -285.450684
   15.000000  -316.147736
   15.500000  -286.796875
   16.000000  -281.471252
   16.500000  -275.704956
   17.000000  -236.891754
   17.500000  -264.104614
   18.000000  -251.108353
   18.500000  -261.363556
   19.000000  -265.649200
   19.500000  -240.174561
   20.000000  -247.295151
   20.500000  -278.246826
   21.000000  -270.288696
   21.500000  -281.297607
   22.000000  -242.450516
   22.500000  -285.837616
   23.000000  -278.959167
   23.500000  -274.337189
   24.000000  -270.904297
   24.500000  -277.965790
   25.000000  -328.350128
   25.500000  -299.637604
   26.000000  -272.562531
   26.500000  -289.327576
   27.000000  -305.546814
   27.500000  -278.962158
   28.000000  -333.846161
   28.500000  -306.844757
   29.000000  -278.189789
   29.500000  -309.027618
   30.000000  -293.684723
   30.500000  -318.485565
   31.000000  -319.864502
   31.500000  -292.600555
   32.000000  -313.144440
   32.500000  -306.200562
   33.000000  -321.647766
   33.500000  -293.375610
   34.000000  -300.930847
   34.500000  -304.856262
   35.000000  -297.875061
   35.500000  -309.348022
   36.000000  -299.774048
   36.500000  -295.395569
   37.000000  -273.256226
   37.500000  -311.396912
   38.000000  -341.029510
   38.500000  -319.050568
   39.000000  -325.923523
   39.500000  -328.309937
   40.000000  -330.590088
   40.500000  -353.125244
   41.000000  -342.742645
   41.500000  -326.490967
   42.000000  -358.982178
   42.500000  -361.803619
   43.000000  -360.421265
   43.500000  -374.920258
   44.000000  -381.935852
   44.500000  -326.987976
   45.000000  -365.755463
   45.500000  -373.522522
   46.000000  -371.441254
   46.500000  -352.607971
   47.000000  -363.486572
   47.500000  -323.968872
   48.000000  -330.051117
   48.500000  -388.011719
   49.000000  -369.771729
   49.500000  -349.875153
   50.000000  -316.379822
   50.500000  -318.734131
   51.000000  -326.756958
   51.500000  -360.394897
   52.000000  -355.693939
   52.500000  -338.267822
   53.000000  -332.689911
   53.500000  -332.421783
   54.000000  -352.478882
   54.500000  -292.291473
   55.000000  -376.527924
   55.500000  -378.432861
   56.000000  -369.552063
   56.500000  -395.158875
   57.000000  -365.244232
   57.500000  -362.237854
   58.000000  -352.368774
   58.500000  -346.001953
   59.000000  -362.608032
   59.500000  -364.422058
   60.000000  -369.172546
    0.000000  -369.127319
    0.500000  -378.138123
    1.000000  -378.068970
    1.500000  -360.894409
    2.000000  -380.219055
    2.500000  -342.641266
    3.000000  -393.098206
    3.500000  -340.107147
    4.000000  -338.700287
    4.500000  -334.458191
    5.000000  -352.340515
    5.500000  -301.536072
    6.000000  -335.558777
    6.500000  -341.609863
    7.000000  -335.124481
    7.500000  -339.913757
    8.000000  -359.744690
    8.500000  -347.073090
    9.000000  -330.554749
    9.500000  -325.955994
   10.000000  -344.102661
   10.500000  -343.821960
   11.000000  -353.071289
   11.500000  -365.427277
   12.000000  -327.704102
   12.500000  -333.672302
   13.000000  -313.431732
   13.500000  -353.562988
   14.000000  -354.848511
   14.500000  -348.783295
   15.000000  -347.266876
   15.500000  -335.260315
   16.000000  -337.720398
   16.500000  -336.607056
   17.000000  -317.496033
   17.500000  -348.330963
   18.000000  -356.238098
   18.500000  -333.303528
   19.000000  -341.900635
   19.500000  -333.097015
   20.000000  -340.862701
   20.500000  -321.702545
   21.000000  -348.989502
   21.500000  -334.985535
   22.000000  -310.982361
   22.500000  -312.716034
   23.000000  -354.121216
   23.500000  -372.541473
   24.000000  -331.715881
   24.500000  -375.163086
   25.000000  -346.586304
   25.500000  -333.079712
   26.000000  -321.427734
   26.500000  -323.241211
   27.000000  -349.766876
   27.500000  -333.805603
   28.000000  -341.542908
   28.500000  -307.269470
   29.000000  -356.198975
   29.500000  -340.000122
   30.000000  -331.349945
