    0.000000  -302.586029
    1.000000  -305.039001
    2.000000  -288.820801
    3.000000  -294.268188
    4.000000  -315.385223
    5.000000  -280.500397
    6.000000  -290.482483
    7.000000  -272.532166
    8.000000  -292.041138
    9.000000  -297.189636
   10.000000  -300.660828
   11.000000  -286.086975
   12.000000  -295.077179
   13.000000  -259.060669
   14.000000  -324.283844
   15.000000  -307.821899
   16.000000  -314.090698
   17.000000  -297.161591
   18.000000  -303.941711
   19.000000  -286.169708
   20.000000  -330.258484
   21.000000  -293.993744
   22.000000  -320.416534
   23.000000  -305.090607
   24.000000  -286.441833
   25.000000  -301.574493
   26.000000  -281.469788
   27.000000  -281.572968
   28.000000  -305.243286
   29.000000  -312.092651
   30.000000  -309.237518
   31.000000  -300.912933
   32.000000  -298.271179
   33.000000  -287.419891
   34.000000  -275.671753
   35.000000  -320.263763
   36.000000  -288.191254
   37.000000  -307.704407
   38.000000  -276.012573
   39.000000  -258.045441
   40.000000  -300.655548
   41.000000  -294.852600
   42.000000  -258.078583
   43.000000  -282.990417
   44.000000  -260.547577
   45.000000  -243.656586
   46.000000  -201.444443
   47.000000  -244.684113
   48.000000  -251.940338
   49.000000  -242.274582
   50.000000  -246.108246
   51.000000  -243.043762
   52.000000  -216.005066
   53.000000  -256.827789
   54.000000  -247.019623
   55.000000  -187.185623
   56.000000  -227.691559
   57.000000  -218.543640
   58.000000  -198.077209
   59.000000  -195.925171
   60.000000  -209.917038
   60.000000  -208.828476
   60.500000  -253.122391
   61.000000  -224.720139
   61.500000  -209.638260
   62.000000  -214.786224
   62.500000  -226.036255
   63.000000  -233.642059
   63.500000  -213.811340
   64.000000  -220.442520
   64.500000  -252.515900
   65.000000  -258.899719
   65.500000  -232.806915
   66.000000  -228.735138
   66.500000  -227.450653
   67.000000  -230.292786
   67.500000  -237.301392
   68.000000  -207.613693
   68.500000  -214.528137
   69.000000  -234.176376
   69.500000  -222.190140
   70.000000  -232.369522
   70.500000  -220.074707
   71.000000  -210.488052
   71.500000  -210.834686
   72.000000  -199.888199
   72.500000  -227.531418
   73.000000  -208.318115
   73.500000  -189.236603
   74.000000  -230.578537
   74.500000  -212.885239
   75.000000  -233.541779
   75.500000  -183.666885
   76.000000  -210.109894
   76.500000  -261.697174
   77.000000  -278.450439
   77.500000  -245.285095
   78.000000  -250.083450
   78.500000  -239.556595
   79.000000  -221.905182
   79.500000  -240.458206
   80.000000  -211.061874
   80.500000  -235.060272
   81.000000  -187.975800
   81.500000  -186.829773
   82.000000  -204.907684
   82.500000  -253.101822
   83.000000  -226.883392
   83.500000  -238.775146
   84.000000  -183.719833
   84.500000  -229.503555
   85.000000  -245.441940
   85.500000  -221.998474
   86.000000  -261.459717
   86.500000  -270.676727
   87.000000  -182.072037
   87.500000  -227.590088
   88.000000  -233.940155
   88.500000  -247.406815
   89.000000  -243.122559
   89.500000  -179.848358
   90.000000  -239.756210
   90.000000  -239.785126
   90.500000  -236.604980
   91.000000  -232.313904
   91.500000  -247.934418
   92.000000  -246.595627
   92.500000  -237.547592
   93.000000  -265.692352
   93.500000  -253.228271
   94.000000  -231.147110
   94.500000  -240.019226
   95.000000  -260.904175
   95.500000  -254.660461
   96.000000  -257.489960
   96.500000  -232.778412
   97.000000  -222.818039
   97.500000  -245.158569
   98.000000  -235.501251
   98.500000  -231.492279
   99.000000  -225.489349
   99.500000  -253.440887
  100.000000  -235.118073
  100.500000  -207.572021
  101.000000  -238.910141
  101.500000  -248.875397
  102.000000  -236.969666
  102.500000  -240.038330
  103.000000  -238.298401
  103.500000  -231.476868
  104.000000  -236.765549
  104.500000  -261.009796
  105.000000  -245.188721
  105.500000  -242.801178
  106.000000  -249.609131
  106.500000  -231.882477
  107.000000  -206.623428
  107.500000  -218.100357
  108.000000  -201.127945
  108.500000  -237.617905
  109.000000  -200.294327
  109.500000  -232.631165
  110.000000  -230.368774
  110.500000  -207.198608
  111.000000  -225.395233
  111.500000  -214.545715
  112.000000  -217.139053
  112.500000  -182.866440
  113.000000  -211.127289
  113.500000  -229.854538
  114.000000  -211.854218
  114.500000  -206.116333
  115.000000  -226.915619
  115.500000  -227.183640
  116.000000  -247.698212
  116.500000  -233.356247
  117.000000  -235.512756
  117.500000  -198.220612
  118.000000  -242.860657
  118.500000  -208.753143
  119.000000  -206.047882
  119.500000  -243.916641
  120.000000  -222.439056
  120.000000  -222.456039
  120.500000  -232.617630
  121.000000  -242.632034
  121.500000  -250.227737
  122.000000  -246.819855
  122.500000  -239.748016
  123.000000  -241.281738
  123.500000  -232.845200
  124.000000  -254.429886
  124.500000  -228.863342
  125.000000  -213.892303
  125.500000  -200.303192
  126.000000  -240.300354
  126.500000  -213.665039
  127.000000  -218.317169
  127.500000  -195.316895
  128.000000  -223.856827
  128.500000  -211.425812
  129.000000  -230.347137
  129.500000  -218.292114
  130.000000  -212.771133
  130.500000  -242.000687
  131.000000  -222.909149
  131.500000  -239.073425
  132.000000  -243.091690
  132.500000  -236.141464
  133.000000  -215.836060
  133.500000  -236.430389
  134.000000  -225.672928
  134.500000  -233.327820
  135.000000  -215.174835
  135.500000  -237.235046
  136.000000  -245.201187
  136.500000  -246.890930
  137.000000  -196.320663
  137.500000  -226.930206
  138.000000  -217.812439
  138.500000  -220.014587
  139.000000  -230.183075
  139.500000  -227.115601
  140.000000  -225.647339
  140.500000  -220.667587
  141.000000  -219.322235
  141.500000  -230.110718
  142.000000  -193.697006
  142.500000  -236.594925
  143.000000  -227.718231
  143.500000  -243.279861
  144.000000  -234.168335
  144.500000  -248.058136
  145.000000  -214.268738
  145.500000  -232.594589
  146.000000  -212.392273
  146.500000  -226.731949
  147.000000  -246.383102
  147.500000  -207.325485
  148.000000  -212.214645
  148.500000  -181.870270
  149.000000  -213.297363
  149.500000  -201.644501
  150.000000  -217.592316
  150.000000  -217.634094
  150.500000  -190.547958
  151.000000  -188.241028
  151.500000  -208.511948
  152.000000  -199.494446
  152.500000  -224.961243
  153.000000  -229.588211
  153.500000  -229.268265
  154.000000  -214.271393
  154.500000  -220.281525
  155.000000  -223.088043
  155.500000  -208.216599
  156.000000  -223.559052
  156.500000  -234.508011
  157.000000  -228.239716
  157.500000  -200.669312
  158.000000  -192.693130
  158.500000  -202.276108
  159.000000  -232.677963
  159.500000  -231.959839
  160.000000  -200.789444
  160.500000  -183.635590
  161.000000  -202.146637
  161.500000  -207.335571
  162.000000  -220.636551
  162.500000  -199.529800
  163.000000  -181.510406
  163.500000  -213.748703
  164.000000  -189.841034
  164.500000  -171.779510
  165.000000  -207.975571
  165.500000  -200.421234
  166.000000  -218.442627
  166.500000  -200.750595
  167.000000  -206.719269
  167.500000  -189.323486
  168.000000  -209.235901
  168.500000  -198.640701
  169.000000  -188.923859
  169.500000  -201.279358
  170.000000  -210.482025
  170.500000  -210.121536
  171.000000  -192.938736
  171.500000  -216.204224
  172.000000  -185.129807
  172.500000  -184.958298
  173.000000  -182.442841
  173.500000  -190.936493
  174.000000  -167.614929
  174.500000  -163.981049
  175.000000  -199.708755
  175.500000  -195.514923
  176.000000  -189.440826
  176.500000  -185.816772
  177.000000  -195.611572
  177.500000  -188.789795
  178.000000  -187.924088
  178.500000  -188.252411
  179.000000  -197.638184
  179.500000  -181.310623
  180.000000  -173.809799
  180.000000  -173.821869
  180.500000  -174.780090
  181.000000  -200.967239
  181.500000  -192.992126
  182.000000  -186.827545
  182.500000  -206.987259
  183.000000  -179.930664
  183.500000  -179.254700
  184.000000  -167.304352
  184.500000  -183.014633
  185.000000  -182.083405
  185.500000  -195.427643
  186.000000  -180.068542
  186.500000  -171.445770
  187.000000  -183.588745
  187.500000  -204.025330
  188.000000  -195.024719
  188.500000  -189.573853
  189.000000  -190.216507
  189.500000  -182.350311
  190.000000  -162.905151
  190.500000  -182.727539
  191.000000  -178.890244
  191.500000  -201.518127
  192.000000  -177.567383
  192.500000  -187.799591
  193.000000  -194.313812
  193.500000  -196.959320
  194.000000  -172.364349
  194.500000  -168.465225
  195.000000  -166.055267
  195.500000  -177.173126
  196.000000  -173.115570
  196.500000  -189.448608
  197.000000  -169.202545
  197.500000  -190.968002
  198.000000  -182.656052
  198.500000  -178.878387
  199.000000  -188.998413
  199.500000  -170.260193
  200.000000  -188.204788
  200.500000  -161.273987
  201.000000  -194.840988
  201.500000  -179.886963
  202.000000  -176.799149
  202.500000  -201.088882
  203.000000  -193.339157
  203.500000  -185.907349
  204.000000  -184.891418
  204.500000  -190.044617
  205.000000  -182.605927
  205.500000  -188.231522
  206.000000  -183.499329
  206.500000  -182.858856
  207.000000  -184.071930
  207.500000  -173.210144
  208.000000  -176.077011
  208.500000  -176.333130
  209.000000  -165.614639
  209.500000  -181.813538
  210.000000  -178.275772
  210.000000  -178.255249
  210.500000  -190.433914
  211.000000  -175.825302
  211.500000  -191.541412
  212.000000  -175.256378
  212.500000  -200.191162
  213.000000  -190.362274
  213.500000  -179.292328
  214.000000  -199.503098
  214.500000  -188.181030
  215.000000  -184.927887
  215.500000  -188.151398
  216.000000  -181.352722
  216.500000  -162.771378
  217.000000  -176.990448
  217.500000  -176.959259
  218.000000  -148.107864
  218.500000  -150.366043
  219.000000  -161.445374
  219.500000  -155.443893
  220.000000  -162.895203
  220.500000  -175.252777
  221.000000  -180.383484
  221.500000  -168.801758
  222.000000  -164.224915
  222.500000  -154.958252
  223.000000  -149.324249
  223.500000  -172.821350
  224.000000  -171.745132
  224.500000  -166.948669
  225.000000  -148.490128
  225.500000  -140.839523
  226.000000  -137.323608
  226.500000  -147.667160
  227.000000  -154.036102
  227.500000  -164.730957
  228.000000  -138.472733
  228.500000  -122.894836
  229.000000  -169.288879
  229.500000  -152.695663
  230.000000  -155.970108
  230.500000  -145.716095
  231.000000  -140.287476
  231.500000  -118.080460
  232.000000  -131.686005
  232.500000  -106.999474
  233.000000  -134.457413
  233.500000  -136.176331
  234.000000  -128.964188
  234.500000  -148.207031
  235.000000  -114.986572
  235.500000  -108.288086
  236.000000  -122.277054
  236.500000  -133.315598
  237.000000  -124.847244
  237.500000  -112.243080
  238.000000  -125.079941
  238.500000  -129.124222
  239.000000  -124.574249
  239.500000  -116.108269
  240.000000  -121.899094
  240.500000  -121.417168
  241.000000  -119.809692
  241.500000  -124.995697
  242.000000  -112.340439
  242.500000  -109.441483
  243.000000  -125.888031
  243.500000  -123.154495
  244.000000  -132.042114
  244.500000  -119.043922
  245.000000  -106.383942
  245.500000  -120.830963
  246.000000  -104.929169
  246.500000  -109.049057
  247.000000  -94.075096
  247.500000  -91.577484
  248.000000  -93.776703
  248.500000  -91.661728
  249.000000  -93.112595
  249.500000  -89.986298
  250.000000  -95.994019
  250.500000  -91.126114
  251.000000  -86.697205
  251.500000  -79.489212
  252.000000  -78.755791
  252.500000  -82.283829
  253.000000  -91.305893
  253.500000  -79.047432
  254.000000  -91.842224
  254.500000  -92.711792
  255.000000  -89.962425
  255.500000  -91.703979
  256.000000  -88.189926
  256.500000  -84.673447
  257.000000  -86.687988
  257.500000  -85.952049
  258.000000  -83.473358
  258.500000  -58.355919
  259.000000  -83.046562
  259.500000  -79.882851
  260.000000  -87.036575
  260.500000  -86.153389
  261.000000  -85.929077
  261.500000  -85.180717
  262.000000  -77.069817
  262.500000  -75.078445
  263.000000  -83.079376
  263.500000  -94.909897
  264.000000  -79.562012
  264.500000  -92.157639
  265.000000  -67.558823
  265.500000  -88.565712
  266.000000  -85.625519
  266.500000  -87.406372
  267.000000  -79.522110
  267.500000  -70.209938
  268.000000  -61.083973
  268.500000  -60.568027
  269.000000  -85.094574
  269.500000  -68.097794
  270.000000  -73.478775
  270.000000  -73.455307
  270.500000  -77.598473
  271.000000  -75.914299
  271.500000  -56.755875
  272.000000  -41.351017
  272.500000  -58.939930
  273.000000  -63.933556
  273.500000  -80.805107
  274.000000  -77.548180
  274.500000  -77.033234
  275.000000  -60.518494
  275.500000  -86.560303
  276.000000  -66.873306
  276.500000  -72.087578
  277.000000  -63.742493
  277.500000  -64.292068
  278.000000  -79.046478
  278.500000  -59.915241
  279.000000  -79.273346
  279.500000  -73.878799
  280.000000  -78.541550
  280.500000  -53.931175
  281.000000  -62.061684
  281.500000  -71.886742
  282.000000  -74.741837
  282.500000  -69.130699
  283.000000  -53.584579
  283.500000  -81.279831
  284.000000  -91.942497
  284.500000  -80.371284
  285.000000  -75.574539
  285.500000  -81.359520
  286.000000  -82.363312
  286.500000  -80.792953
  287.000000  -72.070496
  287.500000  -62.772339
  288.000000  -68.610039
  288.500000  -74.615761
  289.000000  -58.541359
  289.500000  -61.657841
  290.000000  -62.273003
  290.500000  -75.568848
  291.000000  -82.007065
  291.500000  -60.603951
  292.000000  -76.502602
  292.500000  -69.067642
  293.000000  -65.641190
  293.500000  -50.603600
  294.000000  -68.169678
  294.500000  -68.990936
  295.000000  -86.560699
  295.500000  -74.722961
  296.000000  -61.240505
  296.500000  -65.816437
  297.000000  -49.287140
  297.500000  -54.807381
  298.000000  -55.240211
  298.500000  -60.159855
  299.000000  -62.160126
  299.500000  -60.515778
  300.000000  -48.847656
