    0.000000  -302.586029
    1.000000  -305.039001
    2.000000  -288.820801
    3.000000  -294.268188
    4.000000  -315.385223
    5.000000  -280.500397
    6.000000  -290.482483
    7.000000  -272.532166
    8.000000  -292.041138
    9.000000  -297.189636
   10.000000  -300.660828
   11.000000  -286.086975
   12.000000  -295.077179
   13.000000  -259.060669
   14.000000  -324.283844
   15.000000  -307.821899
   16.000000  -314.090698
   17.000000  -297.161591
   18.000000  -303.941711
   19.000000  -286.169708
   20.000000  -330.258484
   21.000000  -293.993744
   22.000000  -320.416534
   23.000000  -305.090607
   24.000000  -286.441833
   25.000000  -301.574493
   26.000000  -281.469788
   27.000000  -281.572968
   28.000000  -305.243286
   29.000000  -312.092651
   30.000000  -309.237518
   31.000000  -300.912933
   32.000000  -298.271179
   33.000000  -287.419891
   34.000000  -275.671753
   35.000000  -320.263763
   36.000000  -288.191254
   37.000000  -307.704407
   38.000000  -276.012573
   39.000000  -258.045441
   40.000000  -300.655548
   41.000000  -294.852600
   42.000000  -258.078583
   43.000000  -282.990417
   44.000000  -260.547577
   45.000000  -243.656586
   46.000000  -201.444443
   47.000000  -244.684113
   48.000000  -251.940338
   49.000000  -242.274582
   50.000000  -246.108246
   51.000000  -243.043762
   52.000000  -216.005066
   53.000000  -256.827789
   54.000000  -247.019623
   55.000000  -187.185623
   56.000000  -227.691559
   57.000000  -218.543640
   58.000000  -198.077209
   59.000000  -195.925171
   60.000000  -209.917038
    0.000000  -208.828476
    0.500000  -253.122391
    1.000000  -224.720139
    1.500000  -209.638260
    2.000000  -214.786224
    2.500000  -226.036255
    3.000000  -233.642059
    3.500000  -213.811340
    4.000000  -220.442520
    4.500000  -252.515900
    5.000000  -258.899719
    5.500000  -232.806915
    6.000000  -228.735138
    6.500000  -227.450653
    7.000000  -230.292786
    7.500000  -237.301392
    8.000000  -207.613693
    8.500000  -214.528137
    9.000000  -234.176376
    9.500000  -222.190140
   10.000000  -232.369522
   10.500000  -220.074707
   11.000000  -210.488052
   11.500000  -210.834686
   12.000000  -199.888199
   12.500000  -227.531418
   13.000000  -208.318115
   13.500000  -189.236603
   14.000000  -230.578537
   14.500000  -212.885239
   15.000000  -233.541779
   15.500000  -183.666885
   16.000000  -210.109894
   16.500000  -261.697174
   17.000000  -278.450439
   17.500000  -245.285095
   18.000000  -250.083450
   18.500000  -239.556595
   19.000000  -221.905182
   19.500000  -240.458206
   20.000000  -211.061874
   20.500000  -235.060272
   21.000000  -187.975800
   21.500000  -186.829773
   22.000000  -204.907684
   22.500000  -253.101822
   23.000000  -226.883392
   23.500000  -238.775146
   24.000000  -183.719833
   24.500000  -229.503555
   25.000000  -245.441940
   25.500000  -221.998474
   26.000000  -261.459717
   26.500000  -270.676727
   27.000000  -182.072037
   27.500000  -227.590088
   28.000000  -233.940155
   28.500000  -247.406815
   29.000000  -243.122559
   29.500000  -179.848358
   30.000000  -239.756210
    0.000000  -239.785126
    0.500000  -236.604980
    1.000000  -232.313904
    1.500000  -247.934418
    2.000000  -246.595627
    2.500000  -237.547592
    3.000000  -265.692352
    3.500000  -253.228271
    4.000000  -231.147110
    4.500000  -240.019226
    5.000000  -260.904175
    5.500000  -254.660461
    6.000000  -257.489960
    6.500000  -232.778412
    7.000000  -222.818039
    7.500000  -245.158569
    8.000000  -235.501251
    8.500000  -231.492279
    9.000000  -225.489349
    9.500000  -253.440887
   10.000000  -235.118073
   10.500000  -207.572021
   11.000000  -238.910141
   11.500000  -248.875397
   12.000000  -236.969666
   12.500000  -240.038330
   13.000000  -238.298401
   13.500000  -231.476868
   14.000000  -236.765549
   14.500000  -261.009796
   15.000000  -245.188721
   15.500000  -242.801178
   16.000000  -249.609131
   16.500000  -231.882477
   17.000000  -206.623428
   17.500000  -218.100357
   18.000000  -201.127945
   18.500000  -237.617905
   19.000000  -200.294327
   19.500000  -232.631165
   20.000000  -230.368774
   20.500000  -207.198608
   21.000000  -225.395233
   21.500000  -214.545715
   22.000000  -217.139053
   22.500000  -182.866440
   23.000000  -211.127289
   23.500000  -229.854538
   24.000000  -211.854218
   24.500000  -206.116333
   25.000000  -226.915619
   25.500000  -227.183640
   26.000000  -247.698212
   26.500000  -233.356247
   27.000000  -235.512756
   27.500000  -198.220612
   28.000000  -242.860657
   28.500000  -208.753143
   29.000000  -206.047882
   29.500000  -243.916641
   30.000000  -222.439056
    0.000000  -222.456039
    0.500000  -232.617630
    1.000000  -242.632034
    1.500000  -250.227737
    2.000000  -246.819855
    2.500000  -239.748016
    3.000000  -241.281738
    3.500000  -232.845200
    4.000000  -254.429886
    4.500000  -228.863342
    5.000000  -213.892303
    5.500000  -200.303192
    6.000000  -240.300354
    6.500000  -213.665039
    7.000000  -218.317169
    7.500000  -195.316895
    8.000000  -223.856827
    8.500000  -211.425812
    9.000000  -230.347137
    9.500000  -218.292114
   10.000000  -212.771133
   10.500000  -242.000687
   11.000000  -222.909149
   11.500000  -239.073425
   12.000000  -243.091690
   12.500000  -236.141464
   13.000000  -215.836060
   13.500000  -236.430389
   14.000000  -225.672928
   14.500000  -233.327820
   15.000000  -215.174835
   15.500000  -237.235046
   16.000000  -245.201187
   16.500000  -246.890930
   17.000000  -196.320663
   17.500000  -226.930206
   18.000000  -217.812439
   18.500000  -220.014587
   19.000000  -230.183075
   19.500000  -227.115601
   20.000000  -225.647339
   20.500000  -220.667587
   21.000000  -219.322235
   21.500000  -230.110718
   22.000000  -193.697006
   22.500000  -236.594925
   23.000000  -227.718231
   23.500000  -243.279861
   24.000000  -234.168335
   24.500000  -248.058136
   25.000000  -214.268738
   25.500000  -232.594589
   26.000000  -212.392273
   26.500000  -226.731949
   27.000000  -246.383102
   27.500000  -207.325485
   28.000000  -212.214645
   28.500000  -181.870270
   29.000000  -213.297363
   29.500000  -201.644501
   30.000000  -217.592316
    0.000000  -217.634094
    0.500000  -190.547958
    1.000000  -188.241028
    1.500000  -208.511948
    2.000000  -199.494446
    2.500000  -224.961243
    3.000000  -229.588211
    3.500000  -229.268265
    4.000000  -214.271393
    4.500000  -220.281525
    5.000000  -223.088043
    5.500000  -208.216599
    6.000000  -223.559052
    6.500000  -234.508011
    7.000000  -228.239716
    7.500000  -200.669312
    8.000000  -192.693130
    8.500000  -202.276108
    9.000000  -232.677963
    9.500000  -231.959839
   10.000000  -200.789444
   10.500000  -183.635590
   11.000000  -202.146637
   11.500000  -207.335571
   12.000000  -220.636551
   12.500000  -199.529800
   13.000000  -181.510406
   13.500000  -213.748703
   14.000000  -189.841034
   14.500000  -171.779510
   15.000000  -207.975571
   15.500000  -200.421234
   16.000000  -218.442627
   16.500000  -200.750595
   17.000000  -206.719269
   17.500000  -189.323486
   18.000000  -209.235901
   18.500000  -198.640701
   19.000000  -188.923859
   19.500000  -201.279358
   20.000000  -210.482025
   20.500000  -210.121536
   21.000000  -192.938736
   21.500000  -216.204224
   22.000000  -185.129807
   22.500000  -184.958298
   23.000000  -182.442841
   23.500000  -190.936493
   24.000000  -167.614929
   24.500000  -163.981049
   25.000000  -199.708755
   25.500000  -195.514923
   26.000000  -189.440826
   26.500000  -185.816772
   27.000000  -195.611572
   27.500000  -188.789795
   28.000000  -187.924088
   28.500000  -188.252411
   29.000000  -197.638184
   29.500000  -181.310623
   30.000000  -173.809799
    0.000000  -173.821869
    0.500000  -174.780090
    1.000000  -200.967239
    1.500000  -192.992126
    2.000000  -186.827545
    2.500000  -206.987259
    3.000000  -179.930664
    3.500000  -179.254700
    4.000000  -167.304352
    4.500000  -183.014633
    5.000000  -182.083405
    5.500000  -195.427643
    6.000000  -180.068542
    6.500000  -171.445770
    7.000000  -183.588745
    7.500000  -204.025330
    8.000000  -195.024719
    8.500000  -189.573853
    9.000000  -190.216507
    9.500000  -182.350311
   10.000000  -162.905151
   10.500000  -182.727539
   11.000000  -178.890244
   11.500000  -201.518127
   12.000000  -177.567383
   12.500000  -187.799591
   13.000000  -194.313812
   13.500000  -196.959320
   14.000000  -172.364349
   14.500000  -168.465225
   15.000000  -166.055267
   15.500000  -177.173126
   16.000000  -173.115570
   16.500000  -189.448608
   17.000000  -169.202545
   17.500000  -190.968002
   18.000000  -182.656052
   18.500000  -178.878387
   19.000000  -188.998413
   19.500000  -170.260193
   20.000000  -188.204788
   20.500000  -161.273987
   21.000000  -194.840988
   21.500000  -179.886963
   22.000000  -176.799149
   22.500000  -201.088882
   23.000000  -193.339157
   23.500000  -185.907349
   24.000000  -184.891418
   24.500000  -190.044617
   25.000000  -182.605927
   25.500000  -188.231522
   26.000000  -183.499329
   26.500000  -182.858856
   27.000000  -184.071930
   27.500000  -173.210144
   28.000000  -176.077011
   28.500000  -176.333130
   29.000000  -165.614639
   29.500000  -181.813538
   30.000000  -178.275772
    0.000000  -178.255249
    0.500000  -190.433914
    1.000000  -175.825302
    1.500000  -191.541412
    2.000000  -175.256378
    2.500000  -200.191162
    3.000000  -190.362274
    3.500000  -179.292328
    4.000000  -199.503098
    4.500000  -188.181030
    5.000000  -184.927887
    5.500000  -188.151398
    6.000000  -181.352722
    6.500000  -162.771378
    7.000000  -176.990448
    7.500000  -176.959259
    8.000000  -148.107864
    8.500000  -150.366043
    9.000000  -161.445374
    9.500000  -155.443893
   10.000000  -162.895203
   10.500000  -175.252777
   11.000000  -180.383484
   11.500000  -168.801758
   12.000000  -164.224915
   12.500000  -154.958252
   13.000000  -149.324249
   13.500000  -172.821350
   14.000000  -171.745132
   14.500000  -166.948669
   15.000000  -148.490128
   15.500000  -140.839523
   16.000000  -137.323608
   16.500000  -147.667160
   17.000000  -154.036102
   17.500000  -164.730957
   18.000000  -138.472733
   18.500000  -122.894836
   19.000000  -169.288879
   19.500000  -152.695663
   20.000000  -155.970108
   20.500000  -145.716095
   21.000000  -140.287476
   21.500000  -118.080460
   22.000000  -131.686005
   22.500000  -106.999474
   23.000000  -134.457413
   23.500000  -136.176331
   24.000000  -128.964188
   24.500000  -148.207031
   25.000000  -114.986572
   25.500000  -108.288086
   26.000000  -122.277054
   26.500000  -133.315598
   27.000000  -124.847244
   27.500000  -112.243080
   28.000000  -125.079941
   28.500000  -129.124222
   29.000000  -124.574249
   29.500000  -116.108269
   30.000000  -121.899094
   30.500000  -121.417168
   31.000000  -119.809692
   31.500000  -124.995697
   32.000000  -112.340439
   32.500000  -109.441483
   33.000000  -125.888031
   33.500000  -123.154495
   34.000000  -132.042114
   34.500000  -119.043922
   35.000000  -106.383942
   35.500000  -120.830963
   36.000000  -104.929169
   36.500000  -109.049057
   37.000000  -94.075096
   37.500000  -91.577484
   38.000000  -93.776703
   38.500000  -91.661728
   39.000000  -93.112595
   39.500000  -89.986298
   40.000000  -95.994019
   40.500000  -91.126114
   41.000000  -86.697205
   41.500000  -79.489212
   42.000000  -78.755791
   42.500000  -82.283829
   43.000000  -91.305893
   43.500000  -79.047432
   44.000000  -91.842224
   44.500000  -92.711792
   45.000000  -89.962425
   45.500000  -91.703979
   46.000000  -88.189926
   46.500000  -84.673447
   47.000000  -86.687988
   47.500000  -85.952049
   48.000000  -83.473358
   48.500000  -58.355919
   49.000000  -83.046562
   49.500000  -79.882851
   50.000000  -87.036575
   50.500000  -86.153389
   51.000000  -85.929077
   51.500000  -85.180717
   52.000000  -77.069817
   52.500000  -75.078445
   53.000000  -83.079376
   53.500000  -94.909897
   54.000000  -79.562012
   54.500000  -92.157639
   55.000000  -67.558823
   55.500000  -88.565712
   56.000000  -85.625519
   56.500000  -87.406372
   57.000000  -79.522110
   57.500000  -70.209938
   58.000000  -61.083973
   58.500000  -60.568027
   59.000000  -85.094574
   59.500000  -68.097794
   60.000000  -73.478775
    0.000000  -73.455307
    0.500000  -77.598473
    1.000000  -75.914299
    1.500000  -56.755875
    2.000000  -41.351017
    2.500000  -58.939930
    3.000000  -63.933556
    3.500000  -80.805107
    4.000000  -77.548180
    4.500000  -77.033234
    5.000000  -60.518494
    5.500000  -86.560303
    6.000000  -66.873306
    6.500000  -72.087578
    7.000000  -63.742493
    7.500000  -64.292068
    8.000000  -79.046478
    8.500000  -59.915241
    9.000000  -79.273346
    9.500000  -73.878799
   10.000000  -78.541550
   10.500000  -53.931175
   11.000000  -62.061684
   11.500000  -71.886742
   12.000000  -74.741837
   12.500000  -69.130699
   13.000000  -53.584579
   13.500000  -81.279831
   14.000000  -91.942497
   14.500000  -80.371284
   15.000000  -75.574539
   15.500000  -81.359520
   16.000000  -82.363312
   16.500000  -80.792953
   17.000000  -72.070496
   17.500000  -62.772339
   18.000000  -68.610039
   18.500000  -74.615761
   19.000000  -58.541359
   19.500000  -61.657841
   20.000000  -62.273003
   20.500000  -75.568848
   21.000000  -82.007065
   21.500000  -60.603951
   22.000000  -76.502602
   22.500000  -69.067642
   23.000000  -65.641190
   23.500000  -50.603600
   24.000000  -68.169678
   24.500000  -68.990936
   25.000000  -86.560699
   25.500000  -74.722961
   26.000000  -61.240505
   26.500000  -65.816437
   27.000000  -49.287140
   27.500000  -54.807381
   28.000000  -55.240211
   28.500000  -60.159855
   29.000000  -62.160126
   29.500000  -60.515778
   30.000000  -48.847656
