    0.000000  177425.000000
    1.000000  205206.875000
    2.000000  216031.546875
    3.000000  221684.578125
    4.000000  229817.484375
    5.000000  235092.203125
    6.000000  240295.484375
    7.000000  243972.421875
    8.000000  247167.625000
    9.000000  252335.250000
   10.000000  251571.062500
   11.000000  254951.000000
   12.000000  261459.218750
   13.000000  262048.390625
   14.000000  268014.875000
   15.000000  270279.593750
   16.000000  274400.125000
   17.000000  275723.906250
   18.000000  278002.031250
   19.000000  282386.500000
   20.000000  287935.156250
   21.000000  291710.687500
   22.000000  297477.375000
   23.000000  298562.125000
   24.000000  303870.562500
   25.000000  306032.968750
   26.000000  312817.312500
   27.000000  317728.843750
   28.000000  319988.125000
   29.000000  325194.906250
   30.000000  328754.437500
   31.000000  334738.343750
   32.000000  338296.437500
   33.000000  343344.812500
   34.000000  347117.000000
   35.000000  354178.875000
   36.000000  357864.843750
   37.000000  364180.531250
   38.000000  368162.437500
   39.000000  377260.250000
   40.000000  380782.000000
   41.000000  385508.750000
   42.000000  394391.843750
   43.000000  397010.156250
   44.000000  405581.500000
   45.000000  408292.531250
   46.000000  415174.312500
   47.000000  421987.312500
   48.000000  427737.437500
   49.000000  431833.093750
   50.000000  442800.593750
   51.000000  446343.375000
   52.000000  452508.468750
   53.000000  458873.750000
   54.000000  469690.031250
   55.000000  475063.687500
   56.000000  479845.031250
   57.000000  489699.250000
   58.000000  491440.718750
   59.000000  504622.593750
   60.000000  511012.750000
   60.000000  511092.062500
   60.500000  343555.750000
   61.000000  339207.812500
   61.500000  335359.406250
   62.000000  329429.687500
   62.500000  328423.000000
   63.000000  327500.000000
   63.500000  325100.093750
   64.000000  326757.187500
   64.500000  326816.687500
   65.000000  321683.937500
   65.500000  324379.468750
   66.000000  324461.125000
   66.500000  325715.187500
   67.000000  327692.656250
   67.500000  328540.687500
   68.000000  327795.968750
   68.500000  329241.625000
   69.000000  325802.875000
   69.500000  330240.093750
   70.000000  329908.125000
   70.500000  329805.906250
   71.000000  328069.781250
   71.500000  333482.937500
   72.000000  331160.187500
   72.500000  332691.125000
   73.000000  334090.062500
   73.500000  335351.343750
   74.000000  333323.281250
   74.500000  336596.406250
   75.000000  334898.562500
   75.500000  335399.687500
   76.000000  336844.875000
   76.500000  337671.375000
   77.000000  342036.875000
   77.500000  339622.593750
   78.000000  343326.718750
   78.500000  346371.312500
   79.000000  341570.750000
   79.500000  348792.343750
   80.000000  346968.437500
   80.500000  344260.437500
   81.000000  345675.375000
   81.500000  348540.250000
   82.000000  351476.531250
   82.500000  353157.906250
   83.000000  351178.593750
   83.500000  354129.250000
   84.000000  353545.968750
   84.500000  355702.562500
   85.000000  357399.875000
   85.500000  355135.250000
   86.000000  360888.718750
   86.500000  357262.187500
   87.000000  360607.406250
   87.500000  365676.875000
   88.000000  366756.156250
   88.500000  364897.718750
   89.000000  367065.500000
   89.500000  366586.312500
   90.000000  369844.187500
   90.000000  369933.468750
   90.500000  275046.937500
   91.000000  278414.500000
   91.500000  277896.562500
   92.000000  277769.062500
   92.500000  275596.812500
   93.000000  275639.875000
   93.500000  275858.031250
   94.000000  277506.062500
   94.500000  279860.406250
   95.000000  278717.875000
   95.500000  279111.375000
   96.000000  281493.468750
   96.500000  282332.375000
   97.000000  281293.000000
   97.500000  282348.031250
   98.000000  282705.437500
   98.500000  284267.218750
   99.000000  286974.250000
   99.500000  284717.500000
  100.000000  284673.687500
  100.500000  286126.156250
  101.000000  284157.718750
  101.500000  286784.812500
  102.000000  286479.468750
  102.500000  285507.781250
  103.000000  288647.375000
  103.500000  288376.500000
  104.000000  287028.687500
  104.500000  288562.593750
  105.000000  289532.812500
  105.500000  288788.093750
  106.000000  290278.562500
  106.500000  294275.000000
  107.000000  291855.968750
  107.500000  293897.406250
  108.000000  292817.562500
  108.500000  293998.906250
  109.000000  295761.750000
  109.500000  296732.812500
  110.000000  296689.906250
  110.500000  295209.062500
  111.000000  296835.562500
  111.500000  297965.937500
  112.000000  297681.031250
  112.500000  299068.875000
  113.000000  300221.062500
  113.500000  300083.656250
  114.000000  297875.000000
  114.500000  302549.125000
  115.000000  303085.750000
  115.500000  303620.531250
  116.000000  305114.687500
  116.500000  306111.937500
  117.000000  305559.500000
  117.500000  307247.687500
  118.000000  309350.031250
  118.500000  309979.062500
  119.000000  309623.468750
  119.500000  307417.625000
  120.000000  309140.000000
  120.000000  309270.187500
  120.500000  246134.343750
  121.000000  247011.406250
  121.500000  249070.921875
  122.000000  249273.203125
  122.500000  251319.218750
  123.000000  249228.562500
  123.500000  250240.093750
  124.000000  251669.000000
  124.500000  251675.687500
  125.000000  252921.390625
  125.500000  251568.031250
  126.000000  252823.437500
  126.500000  252722.421875
  127.000000  253580.687500
  127.500000  253120.843750
  128.000000  254798.187500
  128.500000  256382.421875
  129.000000  253913.703125
  129.500000  255740.921875
  130.000000  258222.593750
  130.500000  256180.968750
  131.000000  257907.671875
  131.500000  256729.156250
  132.000000  259268.781250
  132.500000  261387.500000
  133.000000  260294.156250
  133.500000  260361.656250
  134.000000  261219.312500
  134.500000  261462.375000
  135.000000  260783.843750
  135.500000  262385.781250
  136.000000  264398.906250
  136.500000  265180.125000
  137.000000  264620.000000
  137.500000  265083.437500
  138.000000  264066.562500
  138.500000  265333.156250
  139.000000  266634.843750
  139.500000  266655.531250
  140.000000  267697.437500
  140.500000  267655.500000
  141.000000  267516.343750
  141.500000  268011.218750
  142.000000  265796.875000
  142.500000  267922.625000
  143.000000  268922.125000
  143.500000  269976.625000
  144.000000  270556.562500
  144.500000  271063.906250
  145.000000  271191.312500
  145.500000  273126.250000
  146.000000  270843.406250
  146.500000  273195.125000
  147.000000  273863.750000
  147.500000  274490.656250
  148.000000  274472.093750
  148.500000  277370.093750
  149.000000  276119.750000
  149.500000  276461.312500
  150.000000  278604.156250
  150.000000  278687.500000
  150.500000  229337.312500
  151.000000  233531.531250
  151.500000  232673.203125
  152.000000  233996.593750
  152.500000  233419.562500
  153.000000  236970.984375
  153.500000  235645.187500
  154.000000  237644.718750
  154.500000  235456.765625
  155.000000  238593.890625
  155.500000  238066.421875
  156.000000  238066.187500
  156.500000  238545.625000
  157.000000  239394.000000
  157.500000  239960.875000
  158.000000  239680.421875
  158.500000  240486.156250
  159.000000  239273.593750
  159.500000  241617.718750
  160.000000  241490.328125
  160.500000  241857.125000
  161.000000  243666.078125
  161.500000  242578.093750
  162.000000  244855.093750
  162.500000  241290.203125
  163.000000  243432.156250
  163.500000  245437.281250
  164.000000  244114.531250
  164.500000  244941.406250
  165.000000  246248.875000
  165.500000  246860.343750
  166.000000  246760.281250
  166.500000  247539.593750
  167.000000  247545.531250
  167.500000  250427.125000
  168.000000  247176.593750
  168.500000  248494.453125
  169.000000  249480.656250
  169.500000  248564.000000
  170.000000  249756.875000
  170.500000  251199.625000
  171.000000  249349.921875
  171.500000  249231.531250
  172.000000  252271.828125
  172.500000  252238.531250
  173.000000  253711.187500
  173.500000  253375.625000
  174.000000  253569.625000
  174.500000  255835.968750
  175.000000  255035.078125
  175.500000  254214.781250
  176.000000  255481.609375
  176.500000  255426.750000
  177.000000  257193.812500
  177.500000  256670.093750
  178.000000  259099.781250
  178.500000  258942.531250
  179.000000  259165.906250
  179.500000  260761.671875
  180.000000  262333.062500
  180.000000  262384.562500
  180.500000  222182.062500
  181.000000  223163.296875
  181.500000  226155.140625
  182.000000  224366.625000
  182.500000  225685.125000
  183.000000  227222.765625
  183.500000  228010.468750
  184.000000  227303.812500
  184.500000  229028.093750
  185.000000  229354.187500
  185.500000  229751.468750
  186.000000  230646.859375
  186.500000  231432.250000
  187.000000  230708.765625
  187.500000  231016.421875
  188.000000  233233.218750
  188.500000  232340.671875
  189.000000  232219.156250
  189.500000  233010.312500
  190.000000  232581.468750
  190.500000  233853.093750
  191.000000  233701.500000
  191.500000  235186.140625
  192.000000  233737.000000
  192.500000  235552.953125
  193.000000  235536.500000
  193.500000  236835.343750
  194.000000  235026.281250
  194.500000  237342.140625
  195.000000  238919.468750
  195.500000  237249.218750
  196.000000  239594.859375
  196.500000  240506.312500
  197.000000  240359.812500
  197.500000  237653.671875
  198.000000  239689.343750
  198.500000  240221.265625
  199.000000  241754.281250
  199.500000  240391.031250
  200.000000  242778.343750
  200.500000  242673.781250
  201.000000  241520.125000
  201.500000  242113.453125
  202.000000  243892.687500
  202.500000  243551.187500
  203.000000  244280.468750
  203.500000  242960.328125
  204.000000  246152.750000
  204.500000  244147.531250
  205.000000  244875.343750
  205.500000  244299.687500
  206.000000  244476.921875
  206.500000  246025.281250
  207.000000  245293.218750
  207.500000  246361.437500
  208.000000  248445.156250
  208.500000  246682.093750
  209.000000  249096.593750
  209.500000  249954.531250
  210.000000  249139.187500
  210.000000  249233.593750
  210.500000  217034.390625
  211.000000  218194.718750
  211.500000  218697.296875
  212.000000  220129.000000
  212.500000  219759.968750
  213.000000  221476.781250
  213.500000  221480.343750
  214.000000  221825.093750
  214.500000  222891.156250
  215.000000  221688.609375
  215.500000  224117.218750
  216.000000  223996.750000
  216.500000  224098.468750
  217.000000  224180.156250
  217.500000  225314.078125
  218.000000  224250.000000
  218.500000  224919.062500
  219.000000  225763.359375
  219.500000  227720.687500
  220.000000  227286.890625
  220.500000  227968.531250
  221.000000  228586.078125
  221.500000  228549.359375
  222.000000  229783.187500
  222.500000  230300.984375
  223.000000  227753.843750
  223.500000  229219.171875
  224.000000  229782.906250
  224.500000  231075.968750
  225.000000  231296.250000
  225.500000  230357.421875
  226.000000  232229.218750
  226.500000  232585.515625
  227.000000  231396.859375
  227.500000  233782.531250
  228.000000  234072.890625
  228.500000  232652.515625
  229.000000  234974.812500
  229.500000  233658.609375
  230.000000  236802.453125
  230.500000  237317.765625
  231.000000  236735.031250
  231.500000  235372.593750
  232.000000  236247.812500
  232.500000  238218.312500
  233.000000  238227.937500
  233.500000  237828.187500
  234.000000  238061.000000
  234.500000  236961.062500
  235.000000  238089.328125
  235.500000  239755.281250
  236.000000  239886.593750
  236.500000  239975.671875
  237.000000  239751.296875
  237.500000  240070.437500
  238.000000  239747.687500
  238.500000  241701.250000
  239.000000  240346.437500
  239.500000  242146.937500
  240.000000  243070.703125
  240.500000  243110.718750
  241.000000  242772.125000
  241.500000  244573.625000
  242.000000  245146.906250
  242.500000  244497.437500
  243.000000  245447.843750
  243.500000  245998.578125
  244.000000  245780.500000
  244.500000  245355.750000
  245.000000  245296.609375
  245.500000  246394.984375
  246.000000  247939.703125
  246.500000  245693.031250
  247.000000  249254.546875
  247.500000  248018.843750
  248.000000  248646.968750
  248.500000  248194.687500
  249.000000  249862.171875
  249.500000  251170.218750
  250.000000  250552.562500
  250.500000  252627.343750
  251.000000  251817.734375
  251.500000  251798.781250
  252.000000  251943.406250
  252.500000  251600.218750
  253.000000  252328.718750
  253.500000  252325.937500
  254.000000  252826.390625
  254.500000  253242.312500
  255.000000  253567.125000
  255.500000  253786.687500
  256.000000  254906.890625
  256.500000  254082.125000
  257.000000  256107.468750
  257.500000  256883.625000
  258.000000  258377.593750
  258.500000  255369.453125
  259.000000  257090.875000
  259.500000  260286.781250
  260.000000  255941.453125
  260.500000  257918.812500
  261.000000  259602.062500
  261.500000  259815.250000
  262.000000  261088.875000
  262.500000  261113.187500
  263.000000  261729.671875
  263.500000  260371.453125
  264.000000  261267.562500
  264.500000  262431.062500
  265.000000  263116.500000
  265.500000  263454.187500
  266.000000  265191.343750
  266.500000  264629.375000
  267.000000  266178.250000
  267.500000  265491.375000
  268.000000  267842.593750
  268.500000  266491.843750
  269.000000  268026.375000
  269.500000  267404.687500
  270.000000  268411.312500
  270.000000  268448.625000
  270.500000  224904.906250
  271.000000  228923.687500
  271.500000  229500.281250
  272.000000  229899.765625
  272.500000  231885.859375
  273.000000  230897.312500
  273.500000  233532.000000
  274.000000  232675.906250
  274.500000  233135.046875
  275.000000  232703.796875
  275.500000  234200.812500
  276.000000  234734.718750
  276.500000  233283.562500
  277.000000  236498.000000
  277.500000  237731.109375
  278.000000  235899.750000
  278.500000  236397.937500
  279.000000  237067.765625
  279.500000  237592.890625
  280.000000  238836.750000
  280.500000  236489.328125
  281.000000  237604.406250
  281.500000  238645.671875
  282.000000  239700.312500
  282.500000  239497.875000
  283.000000  240359.359375
  283.500000  240622.765625
  284.000000  241829.437500
  284.500000  241974.812500
  285.000000  241411.625000
  285.500000  242072.843750
  286.000000  242085.781250
  286.500000  243398.718750
  287.000000  243987.937500
  287.500000  245779.437500
  288.000000  244043.750000
  288.500000  244658.812500
  289.000000  244555.062500
  289.500000  244756.828125
  290.000000  244131.171875
  290.500000  244322.218750
  291.000000  246263.906250
  291.500000  246365.062500
  292.000000  247230.406250
  292.500000  248634.062500
  293.000000  249851.046875
  293.500000  248026.203125
  294.000000  249076.875000
  294.500000  251253.453125
  295.000000  250393.187500
  295.500000  250936.375000
  296.000000  250061.468750
  296.500000  249780.281250
  297.000000  252832.437500
  297.500000  253486.078125
  298.000000  251390.718750
  298.500000  251369.531250
  299.000000  252880.187500
  299.500000  253070.000000
  300.000000  254474.781250
