    0.000000  -3664254.000000
    1.000000  -3837634.000000
    2.000000  -3803833.500000
    3.000000  -3766486.750000
    4.000000  -3726223.250000
    5.000000  -3684817.500000
    6.000000  -3642372.500000
    7.000000  -3602451.500000
    8.000000  -3561906.000000
    9.000000  -3520886.500000
   10.000000  -3476603.500000
   11.000000  -3438934.500000
   12.000000  -3396534.250000
   13.000000  -3353045.750000
   14.000000  -3310712.000000
   15.000000  -3272984.500000
   16.000000  -3228264.000000
   17.000000  -3188657.750000
   18.000000  -3145986.500000
   19.000000  -3105919.500000
   20.000000  -3057089.500000
   21.000000  -3016301.000000
   22.000000  -2978656.250000
   23.000000  -2933352.750000
   24.000000  -2888953.500000
   25.000000  -2845672.000000
   26.000000  -2809132.250000
   27.000000  -2762288.750000
   28.000000  -2719238.750000
   29.000000  -2680899.000000
   30.000000  -2639155.500000
   31.000000  -2593701.250000
   32.000000  -2556705.000000
   33.000000  -2511020.000000
   34.000000  -2463783.000000
   35.000000  -2420340.000000
   36.000000  -2375265.000000
   37.000000  -2339157.750000
   38.000000  -2286784.750000
   39.000000  -2243316.500000
   40.000000  -2197245.000000
   41.000000  -2155424.000000
   42.000000  -2114276.500000
   43.000000  -2071414.000000
   44.000000  -2019953.625000
   45.000000  -1971209.000000
   46.000000  -1922640.125000
   47.000000  -1884866.750000
   48.000000  -1838186.875000
   49.000000  -1794031.750000
   50.000000  -1744538.750000
   51.000000  -1692054.750000
   52.000000  -1648738.500000
   53.000000  -1605895.375000
   54.000000  -1553210.875000
   55.000000  -1510085.375000
   56.000000  -1461096.500000
   57.000000  -1402822.750000
   58.000000  -1361971.250000
   59.000000  -1311459.250000
   60.000000  -1265741.000000
    0.000000  -1265730.875000
    0.500000  -2523531.750000
    1.000000  -2520756.500000
    1.500000  -2516590.000000
    2.000000  -2514237.000000
    2.500000  -2505756.750000
    3.000000  -2493298.500000
    3.500000  -2491218.000000
    4.000000  -2485152.250000
    4.500000  -2476123.250000
    5.000000  -2470373.000000
    5.500000  -2463508.250000
    6.000000  -2458358.750000
    6.500000  -2443207.250000
    7.000000  -2440541.500000
    7.500000  -2434591.500000
    8.000000  -2428534.500000
    8.500000  -2417621.500000
    9.000000  -2410315.000000
    9.500000  -2401414.250000
   10.000000  -2395276.750000
   10.500000  -2388015.250000
   11.000000  -2381509.500000
   11.500000  -2372262.000000
   12.000000  -2370169.500000
   12.500000  -2361399.750000
   13.000000  -2347533.000000
   13.500000  -2340902.500000
   14.000000  -2338783.000000
   14.500000  -2329368.500000
   15.000000  -2316017.500000
   15.500000  -2316937.000000
   16.000000  -2300704.500000
   16.500000  -2297014.000000
   17.000000  -2287292.000000
   17.500000  -2277368.500000
   18.000000  -2269026.000000
   18.500000  -2261908.000000
   19.000000  -2254442.000000
   19.500000  -2241380.250000
   20.000000  -2238539.500000
   20.500000  -2231638.000000
   21.000000  -2223236.250000
   21.500000  -2215173.750000
   22.000000  -2202190.750000
   22.500000  -2195256.500000
   23.000000  -2191837.250000
   23.500000  -2173583.000000
   24.000000  -2170627.500000
   24.500000  -2165843.000000
   25.000000  -2150635.000000
   25.500000  -2148012.500000
   26.000000  -2136146.500000
   26.500000  -2129883.500000
   27.000000  -2119934.750000
   27.500000  -2110549.250000
   28.000000  -2092644.375000
   28.500000  -2084091.250000
   29.000000  -2073465.500000
   29.500000  -2074484.250000
   30.000000  -2054969.750000
    0.000000  -2054700.250000
    0.500000  -2943419.500000
    1.000000  -2940037.000000
    1.500000  -2939830.750000
    2.000000  -2932798.000000
    2.500000  -2925298.000000
    3.000000  -2924282.000000
    3.500000  -2916751.000000
    4.000000  -2913269.500000
    4.500000  -2903245.500000
    5.000000  -2897329.250000
    5.500000  -2894834.000000
    6.000000  -2886238.000000
    6.500000  -2879137.750000
    7.000000  -2872054.000000
    7.500000  -2867052.750000
    8.000000  -2864119.000000
    8.500000  -2858280.250000
    9.000000  -2849899.000000
    9.500000  -2843814.500000
   10.000000  -2836329.500000
   10.500000  -2833364.250000
   11.000000  -2827774.000000
   11.500000  -2815515.500000
   12.000000  -2816985.000000
   12.500000  -2807078.750000
   13.000000  -2800893.750000
   13.500000  -2795660.500000
   14.000000  -2789666.750000
   14.500000  -2787218.000000
   15.000000  -2776147.750000
   15.500000  -2771562.000000
   16.000000  -2765395.250000
   16.500000  -2756572.500000
   17.000000  -2749067.500000
   17.500000  -2747774.000000
   18.000000  -2741513.500000
   18.500000  -2735115.250000
   19.000000  -2727330.250000
   19.500000  -2715976.000000
   20.000000  -2713932.500000
   20.500000  -2702106.250000
   21.000000  -2703023.250000
   21.500000  -2693852.000000
   22.000000  -2688040.750000
   22.500000  -2683941.250000
   23.000000  -2672621.000000
   23.500000  -2670312.250000
   24.000000  -2669012.000000
   24.500000  -2651648.750000
   25.000000  -2648552.250000
   25.500000  -2637322.500000
   26.000000  -2636159.000000
   26.500000  -2621189.500000
   27.000000  -2620652.000000
   27.500000  -2611233.250000
   28.000000  -2610217.500000
   28.500000  -2599280.000000
   29.000000  -2595435.750000
   29.500000  -2594199.000000
   30.000000  -2584974.500000
    0.000000  -2584921.500000
    0.500000  -3240989.000000
    1.000000  -3240755.500000
    1.500000  -3236759.500000
    2.000000  -3231871.000000
    2.500000  -3226443.500000
    3.000000  -3222520.000000
    3.500000  -3216953.250000
    4.000000  -3213265.000000
    4.500000  -3208172.000000
    5.000000  -3204698.500000
    5.500000  -3200046.000000
    6.000000  -3194117.000000
    6.500000  -3192480.000000
    7.000000  -3184657.500000
    7.500000  -3174773.000000
    8.000000  -3172507.000000
    8.500000  -3165506.000000
    9.000000  -3161142.000000
    9.500000  -3151779.500000
   10.000000  -3147912.500000
   10.500000  -3143163.750000
   11.000000  -3136066.250000
   11.500000  -3132732.250000
   12.000000  -3125447.750000
   12.500000  -3119304.500000
   13.000000  -3114488.000000
   13.500000  -3110491.750000
   14.000000  -3105770.000000
   14.500000  -3098286.500000
   15.000000  -3094972.000000
   15.500000  -3089193.500000
   16.000000  -3082676.500000
   16.500000  -3078796.500000
   17.000000  -3071038.000000
   17.500000  -3065149.500000
   18.000000  -3056775.000000
   18.500000  -3056770.000000
   19.000000  -3050745.000000
   19.500000  -3040451.250000
   20.000000  -3038045.500000
   20.500000  -3028474.500000
   21.000000  -3025901.000000
   21.500000  -3022314.500000
   22.000000  -3013061.750000
   22.500000  -3011211.000000
   23.000000  -3002360.000000
   23.500000  -2999097.500000
   24.000000  -2988194.000000
   24.500000  -2987957.500000
   25.000000  -2979746.000000
   25.500000  -2973785.500000
   26.000000  -2970296.000000
   26.500000  -2961522.000000
   27.000000  -2956191.750000
   27.500000  -2952474.000000
   28.000000  -2940398.500000
   28.500000  -2940878.000000
   29.000000  -2931947.750000
   29.500000  -2930983.250000
   30.000000  -2919803.250000
    0.000000  -2919726.000000
    0.500000  -3439240.500000
    1.000000  -3438342.000000
    1.500000  -3431066.000000
    2.000000  -3430032.000000
    2.500000  -3424767.250000
    3.000000  -3416317.500000
    3.500000  -3412916.250000
    4.000000  -3411857.000000
    4.500000  -3405642.500000
    5.000000  -3403619.750000
    5.500000  -3397389.000000
    6.000000  -3391519.750000
    6.500000  -3384605.250000
    7.000000  -3381407.250000
    7.500000  -3375839.500000
    8.000000  -3368698.000000
    8.500000  -3360713.750000
    9.000000  -3356895.750000
    9.500000  -3356180.000000
   10.000000  -3347694.500000
   10.500000  -3345646.500000
   11.000000  -3340209.750000
   11.500000  -3333989.500000
   12.000000  -3331448.500000
   12.500000  -3325360.000000
   13.000000  -3319613.000000
   13.500000  -3311226.500000
   14.000000  -3310075.250000
   14.500000  -3302813.750000
   15.000000  -3291566.750000
   15.500000  -3294565.500000
   16.000000  -3287646.500000
   16.500000  -3282278.000000
   17.000000  -3276214.250000
   17.500000  -3270003.000000
   18.000000  -3263027.500000
   18.500000  -3257774.000000
   19.000000  -3254371.500000
   19.500000  -3248913.000000
   20.000000  -3240631.750000
   20.500000  -3236968.250000
   21.000000  -3232049.500000
   21.500000  -3228447.500000
   22.000000  -3219675.750000
   22.500000  -3214705.500000
   23.000000  -3208745.500000
   23.500000  -3204050.750000
   24.000000  -3198730.000000
   24.500000  -3192010.500000
   25.000000  -3185510.500000
   25.500000  -3182261.000000
   26.000000  -3176667.750000
   26.500000  -3171142.500000
   27.000000  -3171617.000000
   27.500000  -3160195.500000
   28.000000  -3156220.750000
   28.500000  -3150282.000000
   29.000000  -3146737.000000
   29.500000  -3138509.500000
   30.000000  -3131908.000000
    0.000000  -3131753.000000
    0.500000  -3568235.500000
    1.000000  -3568618.750000
    1.500000  -3561954.750000
    2.000000  -3558930.500000
    2.500000  -3557099.000000
    3.000000  -3548945.000000
    3.500000  -3545226.750000
    4.000000  -3539246.000000
    4.500000  -3536201.500000
    5.000000  -3531480.750000
    5.500000  -3525298.000000
    6.000000  -3519473.000000
    6.500000  -3516740.500000
    7.000000  -3511557.000000
    7.500000  -3505824.750000
    8.000000  -3495096.000000
    8.500000  -3495035.000000
    9.000000  -3493764.500000
    9.500000  -3486948.750000
   10.000000  -3478702.750000
   10.500000  -3476963.250000
   11.000000  -3471096.250000
   11.500000  -3464707.250000
   12.000000  -3460154.250000
   12.500000  -3454895.500000
   13.000000  -3452132.750000
   13.500000  -3445099.750000
   14.000000  -3440794.750000
   14.500000  -3434049.500000
   15.000000  -3431779.000000
   15.500000  -3423861.500000
   16.000000  -3417011.000000
   16.500000  -3410553.000000
   17.000000  -3402946.000000
   17.500000  -3402529.750000
   18.000000  -3393443.750000
   18.500000  -3391364.750000
   19.000000  -3382515.750000
   19.500000  -3382138.000000
   20.000000  -3376737.250000
   20.500000  -3371851.000000
   21.000000  -3365002.750000
   21.500000  -3358589.000000
   22.000000  -3354038.750000
   22.500000  -3348012.000000
   23.000000  -3345166.000000
   23.500000  -3338238.000000
   24.000000  -3333103.000000
   24.500000  -3328858.000000
   25.000000  -3324083.500000
   25.500000  -3319173.000000
   26.000000  -3310223.250000
   26.500000  -3308483.000000
   27.000000  -3300725.000000
   27.500000  -3298813.000000
   28.000000  -3288386.000000
   28.500000  -3283943.250000
   29.000000  -3279242.500000
   29.500000  -3274048.500000
   30.000000  -3266776.000000
    0.000000  -3266768.750000
    0.500000  -3647896.000000
    1.000000  -3651053.500000
    1.500000  -3647909.750000
    2.000000  -3644325.250000
    2.500000  -3636315.000000
    3.000000  -3634351.250000
    3.500000  -3628273.000000
    4.000000  -3625047.500000
    4.500000  -3619943.500000
    5.000000  -3615893.250000
    5.500000  -3609179.500000
    6.000000  -3603037.500000
    6.500000  -3598575.500000
    7.000000  -3594638.500000
    7.500000  -3585951.500000
    8.000000  -3584095.250000
    8.500000  -3580257.250000
    9.000000  -3577084.000000
    9.500000  -3566029.500000
   10.000000  -3561132.250000
   10.500000  -3558340.750000
   11.000000  -3551873.500000
   11.500000  -3546933.250000
   12.000000  -3539578.750000
   12.500000  -3536943.000000
   13.000000  -3534509.000000
   13.500000  -3522683.500000
   14.000000  -3522646.250000
   14.500000  -3517506.500000
   15.000000  -3516141.750000
   15.500000  -3503845.000000
   16.000000  -3499519.500000
   16.500000  -3497221.500000
   17.000000  -3495978.000000
   17.500000  -3488036.500000
   18.000000  -3482297.500000
   18.500000  -3477558.000000
   19.000000  -3471794.500000
   19.500000  -3466669.250000
   20.000000  -3461835.500000
   20.500000  -3454757.500000
   21.000000  -3449753.750000
   21.500000  -3447099.500000
   22.000000  -3438670.500000
   22.500000  -3431568.750000
   23.000000  -3427160.000000
   23.500000  -3420238.500000
   24.000000  -3416091.500000
   24.500000  -3411655.250000
   25.000000  -3411032.250000
   25.500000  -3402826.250000
   26.000000  -3399432.500000
   26.500000  -3392598.250000
   27.000000  -3387203.500000
   27.500000  -3380597.250000
   28.000000  -3375272.500000
   28.500000  -3368595.250000
   29.000000  -3363333.500000
   29.500000  -3358425.000000
   30.000000  -3354295.500000
   30.500000  -3349457.000000
   31.000000  -3343351.250000
   31.500000  -3338618.000000
   32.000000  -3332599.500000
   32.500000  -3323030.750000
   33.000000  -3320388.000000
   33.500000  -3321137.000000
   34.000000  -3313434.500000
   34.500000  -3305596.000000
   35.000000  -3304103.250000
   35.500000  -3294245.000000
   36.000000  -3291203.000000
   36.500000  -3283503.250000
   37.000000  -3277122.750000
   37.500000  -3274230.250000
   38.000000  -3270659.250000
   38.500000  -3263885.500000
   39.000000  -3258267.750000
   39.500000  -3255040.500000
   40.000000  -3248221.250000
   40.500000  -3241199.000000
   41.000000  -3235373.500000
   41.500000  -3229344.750000
   42.000000  -3226042.500000
   42.500000  -3215475.750000
   43.000000  -3211528.250000
   43.500000  -3208811.000000
   44.000000  -3203623.500000
   44.500000  -3199250.250000
   45.000000  -3194459.500000
   45.500000  -3184355.000000
   46.000000  -3177769.000000
   46.500000  -3177740.000000
   47.000000  -3166802.000000
   47.500000  -3162780.750000
   48.000000  -3159346.750000
   48.500000  -3152213.250000
   49.000000  -3149750.000000
   49.500000  -3137444.250000
   50.000000  -3139790.500000
   50.500000  -3125856.750000
   51.000000  -3124344.000000
   51.500000  -3115601.000000
   52.000000  -3111872.500000
   52.500000  -3104185.000000
   53.000000  -3105418.750000
   53.500000  -3094608.750000
   54.000000  -3092768.500000
   54.500000  -3084324.000000
   55.000000  -3078934.000000
   55.500000  -3074982.000000
   56.000000  -3065681.000000
   56.500000  -3062519.250000
   57.000000  -3056907.500000
   57.500000  -3051598.000000
   58.000000  -3043052.000000
   58.500000  -3037044.250000
   59.000000  -3030933.250000
   59.500000  -3024869.250000
   60.000000  -3019544.750000
    0.000000  -3019599.250000
    0.500000  -3501739.000000
    1.000000  -3499115.000000
    1.500000  -3492111.500000
    2.000000  -3490299.500000
    2.500000  -3487140.000000
    3.000000  -3485168.750000
    3.500000  -3474849.750000
    4.000000  -3471973.000000
    4.500000  -3465809.000000
    5.000000  -3465599.000000
    5.500000  -3452200.750000
    6.000000  -3450806.000000
    6.500000  -3445018.500000
    7.000000  -3441463.750000
    7.500000  -3435661.500000
    8.000000  -3432649.250000
    8.500000  -3420315.750000
    9.000000  -3418056.000000
    9.500000  -3415205.250000
   10.000000  -3407484.000000
   10.500000  -3401718.000000
   11.000000  -3395916.750000
   11.500000  -3396387.500000
   12.000000  -3390220.250000
   12.500000  -3383259.000000
   13.000000  -3378400.500000
   13.500000  -3369828.500000
   14.000000  -3365114.500000
   14.500000  -3361032.000000
   15.000000  -3352502.250000
   15.500000  -3351577.250000
   16.000000  -3343865.750000
   16.500000  -3340950.500000
   17.000000  -3340420.500000
   17.500000  -3328167.250000
   18.000000  -3325087.750000
   18.500000  -3317537.500000
   19.000000  -3315153.250000
   19.500000  -3307379.500000
   20.000000  -3304695.000000
   20.500000  -3296880.000000
   21.000000  -3292425.000000
   21.500000  -3285597.750000
   22.000000  -3283211.750000
   22.500000  -3274282.500000
   23.000000  -3266977.000000
   23.500000  -3263029.500000
   24.000000  -3259491.500000
   24.500000  -3248806.250000
   25.000000  -3246709.000000
   25.500000  -3244032.250000
   26.000000  -3236785.750000
   26.500000  -3229291.000000
   27.000000  -3226417.750000
   27.500000  -3220295.500000
   28.000000  -3216400.250000
   28.500000  -3209302.000000
   29.000000  -3204106.500000
   29.500000  -3200006.500000
   30.000000  -3194639.500000
