    0.000000  -107.188644
    1.000000  -89.305794
    2.000000  -99.885017
    3.000000  -119.564560
    4.000000  -106.949387
    5.000000  -116.657433
    6.000000  -86.434525
    7.000000  -94.295227
    8.000000  -103.513298
    9.000000  -126.665436
   10.000000  -115.850784
   11.000000  -129.448334
   12.000000  -125.810349
   13.000000  -145.658508
   14.000000  -107.677048
   15.000000  -107.906113
   16.000000  -134.069244
   17.000000  -83.529312
   18.000000  -98.115814
   19.000000  -85.047913
   20.000000  -60.527916
   21.000000  -74.959396
   22.000000  -86.356514
   23.000000  -106.679062
   24.000000  -98.074326
   25.000000  -93.750229
   26.000000  -64.754951
   27.000000  -90.902893
   28.000000  -48.028221
   29.000000  -61.201401
   30.000000  -47.629753
   31.000000  -68.672974
   32.000000  -44.728214
   33.000000  -81.953316
   34.000000  -64.854797
   35.000000  -33.537567
   36.000000  -29.676277
   37.000000  -14.450871
   38.000000  -29.532799
   39.000000  -26.719538
   40.000000  -23.407179
   41.000000   13.874655
   42.000000  -60.050320
   43.000000  -46.842255
   44.000000  -89.055153
   45.000000  -32.556664
   46.000000  -12.764668
   47.000000  -27.299696
   48.000000    4.382048
   49.000000   -7.447445
   50.000000    8.746054
   51.000000   -0.376497
   52.000000  -42.449913
   53.000000  -58.242340
   54.000000   -1.349363
   55.000000   41.558495
   56.000000   -1.720695
   57.000000    9.012922
   58.000000  -29.434378
   59.000000  -29.090954
   60.000000   20.314926
   60.500000  -62.098103
   61.000000  -20.816940
   61.500000  -20.337984
   62.000000  -73.192581
   62.500000  -36.388245
   63.000000  -34.556480
   63.500000  -28.955206
   64.000000  -19.619419
   64.500000   24.175230
   65.000000  -58.415573
   65.500000  -94.970337
   66.000000  -46.913300
   66.500000  -14.568287
   67.000000  -25.208338
   67.500000  -74.758041
   68.000000  -80.155701
   68.500000  -88.435181
   69.000000  -85.407478
   69.500000  -18.744265
   70.000000  -85.743256
   70.500000  -65.972206
   71.000000  -52.088478
   71.500000  -41.792473
   72.000000  -83.299416
   72.500000  -37.643379
   73.000000  -42.220455
   73.500000  -34.696503
   74.000000  -22.592255
   74.500000  -70.483101
   75.000000  -46.975967
   75.500000  -90.266113
   76.000000  -66.202042
   76.500000   13.651653
   77.000000    0.072138
   77.500000  -11.059563
   78.000000   -5.366341
   78.500000  -42.160648
   79.000000  -61.197571
   79.500000    5.984619
   80.000000   11.349333
   80.500000  -17.984230
   81.000000  -38.819084
   81.500000   -9.868643
   82.000000  -53.884247
   82.500000  -17.302217
   83.000000  -43.940556
   83.500000  -41.098099
   84.000000  -11.050064
   84.500000  -97.202194
   85.000000   10.115053
   85.500000   14.228031
   86.000000  -14.729443
   86.500000  -47.031448
   87.000000  -22.833717
   87.500000  -15.315689
   88.000000   16.884638
   88.500000   21.461988
   89.000000   14.386621
   89.500000  -53.152153
   90.000000   55.166222
   90.500000  -98.520721
   91.000000  -76.337387
   91.500000  -101.161446
   92.000000  -58.870735
   92.500000  -57.157967
   93.000000  -86.443527
   93.500000  -80.306496
   94.000000  -39.430618
   94.500000  -15.402452
   95.000000  -83.113388
   95.500000  -32.345001
   96.000000  -57.742432
   96.500000  -76.386841
   97.000000  -49.861946
   97.500000   54.432892
   98.000000  -123.277283
   98.500000  -67.080017
   99.000000  -50.233013
   99.500000  -52.922020
  100.000000  -13.554142
  100.500000  -34.719002
  101.000000  -49.879265
  101.500000  -38.610352
  102.000000  -32.861824
  102.500000  -81.926003
  103.000000  -53.485313
  103.500000  -44.096451
  104.000000  -69.393890
  104.500000  -82.069710
  105.000000  -54.660843
  105.500000  -106.417809
  106.000000  -51.263206
  106.500000  -90.428772
  107.000000  -58.112736
  107.500000  -86.676285
  108.000000  -57.418140
  108.500000  -76.627129
  109.000000  -36.441681
  109.500000  -59.200989
  110.000000  -51.374264
  110.500000  -71.903198
  111.000000  -106.980301
  111.500000  -36.005966
  112.000000  -50.456779
  112.500000  -66.838516
  113.000000  -57.795181
  113.500000  -73.385521
  114.000000  -80.423286
  114.500000  -14.310772
  115.000000  -80.941780
  115.500000   21.307302
  116.000000  -48.331848
  116.500000  -22.554886
  117.000000  -71.028839
  117.500000   30.711067
  118.000000  -25.015261
  118.500000  -69.676964
  119.000000  -74.256599
  119.500000  -63.072025
  120.000000  -32.092598
  120.500000  -77.962410
  121.000000  -68.329956
  121.500000  -100.312225
  122.000000  -59.428200
  122.500000  -94.923843
  123.000000  -93.785240
  123.500000  -121.553841
  124.000000  -84.423798
  124.500000  -60.198338
  125.000000  -53.874413
  125.500000  -99.513031
  126.000000  -80.787788
  126.500000  -82.482300
  127.000000  -67.354385
  127.500000  -68.457413
  128.000000  -43.579247
  128.500000  -82.265030
  129.000000  -83.294983
  129.500000  -37.842529
  130.000000  -88.010849
  130.500000  -69.172729
  131.000000  -86.109749
  131.500000  -60.045189
  132.000000  -11.842674
  132.500000  -72.340393
  133.000000  -112.082062
  133.500000  -129.777237
  134.000000  -91.576744
  134.500000  -62.016762
  135.000000  -113.516083
  135.500000  -103.384247
  136.000000  -76.586624
  136.500000  -39.745956
  137.000000  -79.919014
  137.500000  -33.003456
  138.000000  -71.551117
  138.500000  -54.962563
  139.000000  -86.047043
  139.500000  -62.771744
  140.000000  -71.560524
  140.500000  -64.185165
  141.000000  -77.133049
  141.500000  -68.433731
  142.000000  -48.724586
  142.500000  -82.192291
  143.000000  -38.130276
  143.500000  -86.346527
  144.000000  -69.286308
  144.500000  -26.240786
  145.000000  -57.556335
  145.500000  -66.310638
  146.000000  -61.667732
  146.500000  -65.870140
  147.000000  -71.410080
  147.500000  -25.209929
  148.000000  -62.951183
  148.500000   18.271973
  149.000000  -97.160324
  149.500000  -67.692154
  150.000000  -10.238853
  150.500000  -109.039169
  151.000000  -82.039566
  151.500000  -81.232430
  152.000000  -47.291191
  152.500000  -69.061234
  153.000000  -70.882530
  153.500000  -47.100769
  154.000000  -51.133942
  154.500000  -68.999275
  155.000000  -71.022018
  155.500000  -104.511108
  156.000000  -81.163597
  156.500000  -61.291462
  157.000000  -100.958862
  157.500000  -111.494736
  158.000000  -84.089180
  158.500000  -69.250183
  159.000000  -81.427719
  159.500000  -59.152641
  160.000000  -97.465790
  160.500000  -64.298950
  161.000000  -82.047516
  161.500000  -61.877647
  162.000000  -88.485260
  162.500000  -48.177067
  163.000000  -50.712173
  163.500000  -60.527054
  164.000000  -46.979279
  164.500000  -76.436630
  165.000000  -43.490360
  165.500000  -64.037498
  166.000000  -124.526711
  166.500000  -47.419357
  167.000000  -108.075142
  167.500000  -66.081787
  168.000000  -49.313416
  168.500000  -80.681427
  169.000000  -107.395325
  169.500000  -62.443123
  170.000000  -67.429779
  170.500000  -40.956848
  171.000000  -75.927505
  171.500000  -69.611542
  172.000000  -40.745598
  172.500000  -64.243835
  173.000000  -68.392006
  173.500000  -68.610275
  174.000000  -80.237579
  174.500000  -95.937965
  175.000000  -84.948242
  175.500000  -21.543430
  176.000000  -91.677673
  176.500000  -94.441467
  177.000000  -87.011879
  177.500000  -68.434494
  178.000000  -88.739693
  178.500000  -43.823738
  179.000000  -41.533920
  179.500000  -57.858116
  180.000000  -56.498806
  180.500000  -121.299103
  181.000000  -105.783058
  181.500000  -99.876312
  182.000000  -50.323391
  182.500000  -130.317154
  183.000000  -92.864006
  183.500000  -91.728470
  184.000000  -109.394272
  184.500000  -75.091934
  185.000000  -121.412979
  185.500000  -81.089081
  186.000000  -100.755005
  186.500000  -97.476501
  187.000000  -90.851830
  187.500000  -82.598236
  188.000000  -71.779266
  188.500000  -58.315140
  189.000000  -81.547096
  189.500000  -96.813889
  190.000000  -84.181671
  190.500000  -120.304779
  191.000000  -44.395348
  191.500000  -89.456116
  192.000000  -93.132683
  192.500000  -85.322647
  193.000000  -73.707886
  193.500000  -76.157059
  194.000000  -69.586250
  194.500000  -74.778381
  195.000000  -64.217049
  195.500000  -89.193901
  196.000000  -47.769089
  196.500000  -67.787476
  197.000000  -59.496986
  197.500000  -82.276268
  198.000000  -92.878250
  198.500000  -99.775795
  199.000000  -104.421616
  199.500000  -134.796112
  200.000000  -96.541290
  200.500000  -117.853020
  201.000000  -74.317162
  201.500000  -112.304649
  202.000000  -76.949814
  202.500000  -67.483162
  203.000000  -98.833221
  203.500000  -114.921753
  204.000000  -74.307854
  204.500000  -92.811752
  205.000000  -107.839638
  205.500000  -89.466141
  206.000000  -96.799767
  206.500000  -97.694870
  207.000000  -59.576729
  207.500000  -103.127457
  208.000000  -93.500778
  208.500000  -99.763817
  209.000000  -60.513626
  209.500000  -68.471939
  210.000000  -93.263313
  210.500000  -75.138817
  211.000000  -76.499702
  211.500000  -117.002724
  212.000000  -125.847427
  212.500000  -138.385468
  213.000000  -101.906960
  213.500000  -120.265343
  214.000000  -84.078094
  214.500000  -118.577347
  215.000000  -85.981964
  215.500000  -77.516510
  216.000000  -117.777405
  216.500000  -108.943840
  217.000000  -84.628967
  217.500000  -121.290848
  218.000000  -119.893677
  218.500000  -122.452019
  219.000000  -127.274185
  219.500000  -97.544739
  220.000000  -107.513062
  220.500000  -84.800797
  221.000000  -104.739052
  221.500000  -73.276970
  222.000000  -94.075096
  222.500000  -81.763626
  223.000000  -90.151749
  223.500000  -112.226662
  224.000000  -84.425797
  224.500000  -69.137215
  225.000000  -84.201958
  225.500000  -99.344543
  226.000000  -80.625694
  226.500000  -76.317200
  227.000000  -67.510834
  227.500000  -134.185791
  228.000000  -117.041962
  228.500000  -124.983841
  229.000000  -116.674103
  229.500000  -90.022797
  230.000000  -82.283752
  230.500000  -119.824066
  231.000000  -109.723412
  231.500000  -89.679001
  232.000000  -129.204117
  232.500000  -111.022034
  233.000000  -134.301926
  233.500000  -80.669731
  234.000000  -105.875305
  234.500000  -71.393929
  235.000000  -82.359390
  235.500000  -82.070793
  236.000000  -114.419014
  236.500000  -88.856400
  237.000000  -81.512886
  237.500000  -125.356064
  238.000000  -92.096245
  238.500000  -86.401138
  239.000000  -71.324112
  239.500000  -102.413506
  240.000000  -75.192413
  240.500000  -38.369888
  241.000000  -105.483597
  241.500000  -58.253860
  242.000000  -107.998428
  242.500000  -48.278172
  243.000000  -51.756660
  243.500000  -27.981936
  244.000000  -72.380348
  244.500000  -65.407730
  245.000000  -98.683342
  245.500000  -108.396530
  246.000000  -120.263535
  246.500000  -99.234695
  247.000000  -87.547707
  247.500000  -88.170059
  248.000000  -35.057182
  248.500000  -128.164688
  249.000000  -68.745483
  249.500000  -91.332138
  250.000000  -110.820259
  250.500000  -74.954819
  251.000000  -135.453552
  251.500000  -140.275558
  252.000000  -95.919342
  252.500000  -86.807686
  253.000000  -157.892029
  253.500000  -103.664955
  254.000000  -114.880112
  254.500000  -68.674850
  255.000000  -61.929596
  255.500000  -110.829872
  256.000000  -92.737549
  256.500000  -49.491196
  257.000000  -95.395470
  257.500000  -111.145378
  258.000000  -52.014336
  258.500000  -100.903015
  259.000000  -124.743256
  259.500000  -54.002056
  260.000000  -116.613739
  260.500000  -104.814026
  261.000000  -116.900833
  261.500000  -89.218300
  262.000000  -30.198250
  262.500000  -89.809624
  263.000000  -122.267067
  263.500000  -83.443253
  264.000000  -89.935928
  264.500000  -93.169975
  265.000000  -83.689110
  265.500000  -90.004471
  266.000000  -105.874786
  266.500000  -71.788315
  267.000000  -57.737713
  267.500000  -38.964554
  268.000000  -75.810028
  268.500000  -81.466423
  269.000000  -122.823875
  269.500000  -63.721016
  270.000000  -104.343292
  270.500000  -137.980148
  271.000000  -124.059776
  271.500000  -90.359909
  272.000000  -114.393303
  272.500000  -102.727219
  273.000000  -78.204758
  273.500000  -99.159698
  274.000000  -78.426270
  274.500000  -77.707947
  275.000000  -87.873444
  275.500000  -60.095490
  276.000000  -84.517181
  276.500000  -131.596695
  277.000000  -134.275131
  277.500000  -124.231064
  278.000000  -90.879456
  278.500000  -49.368629
  279.000000  -90.543533
  279.500000  -51.741722
  280.000000  -90.076767
  280.500000  -115.009064
  281.000000  -94.120758
  281.500000  -141.594299
  282.000000  -87.168022
  282.500000  -137.441574
  283.000000  -128.509827
  283.500000  -69.012787
  284.000000  -110.007881
  284.500000  -82.212708
  285.000000  -118.421280
  285.500000  -58.270218
  286.000000  -82.348213
  286.500000  -144.505707
  287.000000  -104.055962
  287.500000  -105.967339
  288.000000  -100.191010
  288.500000  -87.479424
  289.000000  -51.658585
  289.500000  -140.566727
  290.000000  -83.540565
  290.500000  -125.541740
  291.000000  -79.024231
  291.500000  -72.790688
  292.000000  -87.634117
  292.500000  -34.923271
  293.000000  -91.286789
  293.500000  -51.559765
  294.000000  -45.554703
  294.500000  -89.959595
  295.000000  -50.599068
  295.500000  -117.585449
  296.000000  -112.259468
  296.500000  -87.118576
  297.000000  -74.582733
  297.500000  -62.217613
  298.000000  -85.579536
  298.500000  -91.215454
  299.000000  -91.953529
  299.500000  -85.428581
  300.000000  -102.203522
