    0.000000  1307.032227
    1.000000  1267.233276
    2.000000  1273.309814
    3.000000  1253.216675
    4.000000  1300.398438
    5.000000  1286.473389
    6.000000  1328.943359
    7.000000  1330.775635
    8.000000  1289.683716
    9.000000  1312.532959
   10.000000  1312.166626
   11.000000  1331.230103
   12.000000  1352.023926
   13.000000  1303.917114
   14.000000  1336.080933
   15.000000  1313.720459
   16.000000  1350.720703
   17.000000  1371.885498
   18.000000  1373.170532
   19.000000  1378.483521
   20.000000  1414.154663
   21.000000  1363.641968
   22.000000  1426.233643
   23.000000  1411.269287
   24.000000  1440.876953
   25.000000  1550.724487
   26.000000  1452.382446
   27.000000  1450.582642
   28.000000  1471.941528
   29.000000  1530.027344
   30.000000  1501.481445
   31.000000  1545.331055
   32.000000  1575.031250
   33.000000  1611.012817
   34.000000  1537.575806
   35.000000  1586.379150
   36.000000  1573.996338
   37.000000  1585.321655
   38.000000  1604.666138
   39.000000  1649.130249
   40.000000  1773.244751
   41.000000  1634.713379
   42.000000  1695.104736
   43.000000  1717.525635
   44.000000  1748.979980
   45.000000  1675.885742
   46.000000  1765.204224
   47.000000  1843.452637
   48.000000  1686.627319
   49.000000  1856.053833
   50.000000  1874.800659
   51.000000  1860.699097
   52.000000  1890.430542
   53.000000  1932.891357
   54.000000  1938.834106
   55.000000  1875.241455
   56.000000  1897.093018
   57.000000  1959.397705
   58.000000  1731.595459
   59.000000  1900.588623
   60.000000  2027.958496
   60.500000  1675.298950
   61.000000  1772.605225
   61.500000  1692.866699
   62.000000  1606.526123
   62.500000  1703.699463
   63.000000  1657.374268
   63.500000  1727.075439
   64.000000  1730.297363
   64.500000  1645.929077
   65.000000  1646.442017
   65.500000  1561.314331
   66.000000  1654.268677
   66.500000  1597.096558
   67.000000  1674.357300
   67.500000  1603.212769
   68.000000  1582.132690
   68.500000  1643.735474
   69.000000  1736.738892
   69.500000  1670.002197
   70.000000  1574.182983
   70.500000  1659.354248
   71.000000  1675.082642
   71.500000  1675.924316
   72.000000  1635.489990
   72.500000  1769.419678
   73.000000  1666.494019
   73.500000  1753.215576
   74.000000  1687.970459
   74.500000  1764.078003
   75.000000  1681.281738
   75.500000  1632.385742
   76.000000  1784.976440
   76.500000  1719.398804
   77.000000  1767.958496
   77.500000  1854.446289
   78.000000  1636.521484
   78.500000  1731.243042
   79.000000  1730.681641
   79.500000  1826.123535
   80.000000  1758.432007
   80.500000  1691.997559
   81.000000  1794.333008
   81.500000  1701.586914
   82.000000  1652.153320
   82.500000  1711.825928
   83.000000  1765.046387
   83.500000  1704.595093
   84.000000  1712.801880
   84.500000  1702.041748
   85.000000  1759.377563
   85.500000  1836.129028
   86.000000  1843.082764
   86.500000  1833.406982
   87.000000  1923.735962
   87.500000  1793.171875
   88.000000  1869.753052
   88.500000  1846.688232
   89.000000  1923.485474
   89.500000  1699.883057
   90.000000  1904.278809
   90.500000  1556.205322
   91.000000  1578.421509
   91.500000  1531.693726
   92.000000  1561.294556
   92.500000  1555.622925
   93.000000  1538.421021
   93.500000  1553.405273
   94.000000  1590.641357
   94.500000  1609.698242
   95.000000  1572.650635
   95.500000  1576.178467
   96.000000  1553.555054
   96.500000  1537.453003
   97.000000  1586.516113
   97.500000  1598.399536
   98.000000  1527.498413
   98.500000  1544.496460
   99.000000  1584.558716
   99.500000  1569.875244
  100.000000  1609.981323
  100.500000  1559.494263
  101.000000  1488.153687
  101.500000  1576.283447
  102.000000  1655.463135
  102.500000  1518.096680
  103.000000  1571.615479
  103.500000  1500.858765
  104.000000  1555.843506
  104.500000  1503.432129
  105.000000  1506.545410
  105.500000  1581.334229
  106.000000  1593.094604
  106.500000  1507.896240
  107.000000  1531.641724
  107.500000  1547.143311
  108.000000  1535.467773
  108.500000  1574.488892
  109.000000  1533.215820
  109.500000  1555.979980
  110.000000  1577.009766
  110.500000  1601.606812
  111.000000  1536.704590
  111.500000  1545.771851
  112.000000  1578.270020
  112.500000  1580.781006
  113.000000  1601.996216
  113.500000  1599.212646
  114.000000  1623.528320
  114.500000  1634.706909
  115.000000  1624.972656
  115.500000  1628.557129
  116.000000  1630.019165
  116.500000  1603.157593
  117.000000  1534.387573
  117.500000  1595.298706
  118.000000  1620.527222
  118.500000  1569.564209
  119.000000  1603.239258
  119.500000  1644.887329
  120.000000  1684.107422
  120.500000  1520.263550
  121.000000  1539.518555
  121.500000  1508.134399
  122.000000  1530.583252
  122.500000  1499.821045
  123.000000  1435.815308
  123.500000  1468.720581
  124.000000  1391.251709
  124.500000  1471.090088
  125.000000  1445.261597
  125.500000  1563.013428
  126.000000  1489.557617
  126.500000  1486.694458
  127.000000  1487.140625
  127.500000  1495.200928
  128.000000  1544.334473
  128.500000  1472.307861
  129.000000  1524.734497
  129.500000  1460.212158
  130.000000  1421.796509
  130.500000  1574.478638
  131.000000  1408.150513
  131.500000  1521.031494
  132.000000  1516.118896
  132.500000  1454.621582
  133.000000  1462.202026
  133.500000  1458.255859
  134.000000  1482.607666
  134.500000  1528.585815
  135.000000  1509.080566
  135.500000  1537.696045
  136.000000  1491.395264
  136.500000  1603.226074
  137.000000  1601.393188
  137.500000  1599.059326
  138.000000  1551.554810
  138.500000  1530.202637
  139.000000  1611.749512
  139.500000  1693.252441
  140.000000  1594.952026
  140.500000  1534.716797
  141.000000  1611.636353
  141.500000  1475.363647
  142.000000  1608.574097
  142.500000  1557.195312
  143.000000  1600.213135
  143.500000  1546.067749
  144.000000  1558.258789
  144.500000  1583.297119
  145.000000  1584.429688
  145.500000  1625.700806
  146.000000  1648.312256
  146.500000  1690.461670
  147.000000  1665.751465
  147.500000  1648.983032
  148.000000  1745.145142
  148.500000  1764.231689
  149.000000  1705.974365
  149.500000  1665.159546
  150.000000  1726.286255
  150.500000  1488.902588
  151.000000  1538.172119
  151.500000  1510.205078
  152.000000  1488.076172
  152.500000  1466.173218
  153.000000  1486.102295
  153.500000  1543.779541
  154.000000  1479.037231
  154.500000  1508.004761
  155.000000  1499.359619
  155.500000  1400.716675
  156.000000  1406.412231
  156.500000  1475.914185
  157.000000  1415.618896
  157.500000  1415.762451
  158.000000  1467.480347
  158.500000  1490.827881
  159.000000  1388.008667
  159.500000  1437.661621
  160.000000  1436.447876
  160.500000  1485.470459
  161.000000  1445.654785
  161.500000  1500.053223
  162.000000  1501.020630
  162.500000  1530.060669
  163.000000  1567.040039
  163.500000  1517.566162
  164.000000  1552.067871
  164.500000  1477.071411
  165.000000  1544.039062
  165.500000  1481.704346
  166.000000  1426.561035
  166.500000  1470.545776
  167.000000  1537.005859
  167.500000  1526.432861
  168.000000  1560.228760
  168.500000  1467.268799
  169.000000  1452.438843
  169.500000  1499.175781
  170.000000  1428.572754
  170.500000  1464.841064
  171.000000  1437.414917
  171.500000  1478.270630
  172.000000  1487.830566
  172.500000  1477.599854
  173.000000  1456.578125
  173.500000  1504.045166
  174.000000  1454.344482
  174.500000  1507.581909
  175.000000  1424.801392
  175.500000  1491.073975
  176.000000  1474.067871
  176.500000  1523.839600
  177.000000  1497.695312
  177.500000  1497.119263
  178.000000  1459.081909
  178.500000  1559.973389
  179.000000  1594.549194
  179.500000  1521.000732
  180.000000  1468.621582
  180.500000  1383.895142
  181.000000  1340.679199
  181.500000  1369.740356
  182.000000  1398.096924
  182.500000  1401.828613
  183.000000  1391.314331
  183.500000  1429.874023
  184.000000  1479.044678
  184.500000  1503.434204
  185.000000  1409.907227
  185.500000  1441.701660
  186.000000  1430.983032
  186.500000  1479.971680
  187.000000  1416.337646
  187.500000  1501.478882
  188.000000  1492.062500
  188.500000  1543.184570
  189.000000  1475.517944
  189.500000  1531.720459
  190.000000  1449.393188
  190.500000  1499.008545
  191.000000  1489.135986
  191.500000  1432.070801
  192.000000  1424.354492
  192.500000  1392.969238
  193.000000  1373.514038
  193.500000  1449.322754
  194.000000  1386.420654
  194.500000  1481.340698
  195.000000  1490.294067
  195.500000  1496.340210
  196.000000  1464.206543
  196.500000  1378.200684
  197.000000  1436.890991
  197.500000  1424.624512
  198.000000  1444.114624
  198.500000  1401.367676
  199.000000  1425.282959
  199.500000  1487.451904
  200.000000  1508.368286
  200.500000  1344.717163
  201.000000  1424.999756
  201.500000  1446.628296
  202.000000  1434.616455
  202.500000  1433.166504
  203.000000  1439.063599
  203.500000  1438.607544
  204.000000  1453.780029
  204.500000  1438.394775
  205.000000  1465.676392
  205.500000  1443.890381
  206.000000  1460.756958
  206.500000  1474.339355
  207.000000  1559.832031
  207.500000  1448.788330
  208.000000  1512.800293
  208.500000  1430.687744
  209.000000  1439.688477
  209.500000  1464.469727
  210.000000  1538.646973
  210.500000  1403.851074
  211.000000  1440.151001
  211.500000  1414.155273
  212.000000  1452.959106
  212.500000  1480.807129
  213.000000  1435.095947
  213.500000  1426.571777
  214.000000  1508.929932
  214.500000  1429.020142
  215.000000  1381.843750
  215.500000  1377.692627
  216.000000  1436.332397
  216.500000  1446.475464
  217.000000  1494.247681
  217.500000  1374.744263
  218.000000  1372.785156
  218.500000  1400.628906
  219.000000  1372.693481
  219.500000  1465.361084
  220.000000  1443.530762
  220.500000  1453.016602
  221.000000  1428.492676
  221.500000  1470.371826
  222.000000  1376.220947
  222.500000  1385.341797
  223.000000  1398.587402
  223.500000  1419.385742
  224.000000  1455.673462
  224.500000  1447.921387
  225.000000  1401.598511
  225.500000  1484.252319
  226.000000  1424.418579
  226.500000  1449.118896
  227.000000  1391.837769
  227.500000  1358.716919
  228.000000  1344.179565
  228.500000  1429.660278
  229.000000  1374.930664
  229.500000  1379.941162
  230.000000  1427.161621
  230.500000  1376.984741
  231.000000  1418.604858
  231.500000  1349.830688
  232.000000  1364.205078
  232.500000  1395.861328
  233.000000  1381.820923
  233.500000  1430.890625
  234.000000  1385.867798
  234.500000  1461.800293
  235.000000  1434.996216
  235.500000  1479.439087
  236.000000  1420.576294
  236.500000  1438.958984
  237.000000  1442.338989
  237.500000  1383.604980
  238.000000  1457.126709
  238.500000  1427.542725
  239.000000  1451.303101
  239.500000  1430.323975
  240.000000  1479.208252
  240.500000  1516.265503
  241.000000  1389.221680
  241.500000  1426.049805
  242.000000  1493.039429
  242.500000  1473.625366
  243.000000  1488.489258
  243.500000  1475.169678
  244.000000  1422.631470
  244.500000  1467.575073
  245.000000  1388.131104
  245.500000  1405.702515
  246.000000  1409.212402
  246.500000  1379.141846
  247.000000  1453.436890
  247.500000  1422.213257
  248.000000  1486.909546
  248.500000  1312.823486
  249.000000  1432.664551
  249.500000  1472.820068
  250.000000  1430.783813
  250.500000  1456.719971
  251.000000  1525.241821
  251.500000  1498.777344
  252.000000  1448.133911
  252.500000  1499.179443
  253.000000  1421.154175
  253.500000  1505.938965
  254.000000  1448.304443
  254.500000  1462.106201
  255.000000  1552.491943
  255.500000  1448.814209
  256.000000  1560.422974
  256.500000  1435.563232
  257.000000  1508.025024
  257.500000  1457.401489
  258.000000  1536.763428
  258.500000  1502.833984
  259.000000  1505.468750
  259.500000  1550.243652
  260.000000  1549.919434
  260.500000  1517.980957
  261.000000  1589.352417
  261.500000  1497.115845
  262.000000  1618.578857
  262.500000  1623.659302
  263.000000  1576.642090
  263.500000  1530.932373
  264.000000  1558.141357
  264.500000  1471.614258
  265.000000  1577.015747
  265.500000  1619.805420
  266.000000  1509.315430
  266.500000  1578.519897
  267.000000  1613.726685
  267.500000  1577.611328
  268.000000  1495.629639
  268.500000  1579.754761
  269.000000  1434.791626
  269.500000  1477.576172
  270.000000  1442.368774
  270.500000  1388.528564
  271.000000  1409.901489
  271.500000  1370.849365
  272.000000  1417.942261
  272.500000  1419.824951
  273.000000  1407.494629
  273.500000  1379.624023
  274.000000  1423.488037
  274.500000  1426.016724
  275.000000  1429.589111
  275.500000  1399.074951
  276.000000  1489.090820
  276.500000  1451.517334
  277.000000  1403.216553
  277.500000  1448.525146
  278.000000  1462.927979
  278.500000  1520.395020
  279.000000  1434.397461
  279.500000  1451.062134
  280.000000  1469.943115
  280.500000  1418.165649
  281.000000  1312.645142
  281.500000  1398.072021
  282.000000  1419.528809
  282.500000  1404.342163
  283.000000  1384.080688
  283.500000  1469.753906
  284.000000  1498.501465
  284.500000  1462.118652
  285.000000  1464.967529
  285.500000  1412.098145
  286.000000  1412.626465
  286.500000  1394.335083
  287.000000  1401.396240
  287.500000  1385.206543
  288.000000  1426.038574
  288.500000  1406.477905
  289.000000  1405.883911
  289.500000  1380.408936
  290.000000  1400.389648
  290.500000  1424.752563
  291.000000  1440.128418
  291.500000  1485.444458
  292.000000  1478.757935
  292.500000  1459.714478
  293.000000  1417.940308
  293.500000  1445.510254
  294.000000  1450.140869
  294.500000  1467.211548
  295.000000  1449.303345
  295.500000  1443.120117
  296.000000  1417.961304
  296.500000  1457.833740
  297.000000  1446.098267
  297.500000  1454.630981
  298.000000  1464.665283
  298.500000  1445.916260
  299.000000  1439.567017
  299.500000  1524.557861
  300.000000  1510.326782
