    0.000000    1.589868
    1.000000    1.763164
    2.000000    1.570031
    3.000000    1.054142
    4.000000    1.883517
    5.000000    2.494320
    6.000000    1.642957
    7.000000    2.673634
    8.000000    1.328497
    9.000000    1.218105
   10.000000    2.170175
   11.000000    3.011616
   12.000000    1.111858
   13.000000    1.397737
   14.000000    1.280416
   15.000000    1.192001
   16.000000    1.752793
   17.000000    2.440758
   18.000000    2.298244
   19.000000    3.669637
   20.000000    2.760280
   21.000000    2.321236
   22.000000    2.015396
   23.000000    1.673192
   24.000000    2.730998
   25.000000    4.817258
   26.000000    2.532213
   27.000000    4.113992
   28.000000    2.722744
   29.000000    2.622501
   30.000000    2.096069
   31.000000    2.832019
   32.000000    4.329928
   33.000000    5.240953
   34.000000    2.138227
   35.000000    3.404707
   36.000000    2.665362
   37.000000    2.524194
   38.000000    3.882412
   39.000000    3.113652
   40.000000    5.781696
   41.000000    5.968206
   42.000000    5.774391
   43.000000    4.333245
   44.000000    2.528784
   45.000000    3.521616
   46.000000    1.336073
   47.000000    3.306452
   48.000000    3.950165
   49.000000    6.791612
   50.000000    6.263546
   51.000000    4.161103
   52.000000    4.982477
   53.000000    7.810208
   54.000000    5.003294
   55.000000    6.982450
   56.000000    3.082183
   57.000000    4.478322
   58.000000    3.245500
   59.000000    7.599664
   60.000000    8.657893
   60.500000    4.682093
   61.000000    3.514888
   61.500000    8.089823
   62.000000    3.429772
   62.500000    5.091131
   63.000000    3.194080
   63.500000    3.846841
   64.000000    7.789970
   64.500000    5.800422
   65.000000    7.220210
   65.500000    5.271191
   66.000000    4.281831
   66.500000    4.071337
   67.000000    3.435684
   67.500000    3.542044
   68.000000    3.670196
   68.500000    2.358346
   69.000000    4.644341
   69.500000    5.579712
   70.000000    2.204211
   70.500000    5.675884
   71.000000    4.175395
   71.500000    4.373477
   72.000000    2.922457
   72.500000    5.268212
   73.000000    3.031285
   73.500000    4.147712
   74.000000    3.602289
   74.500000    2.291547
   75.000000    2.330851
   75.500000    2.648963
   76.000000    4.459404
   76.500000    5.056353
   77.000000    4.361143
   77.500000    5.177371
   78.000000    3.554210
   78.500000    2.258848
   79.000000    4.608685
   79.500000    3.647848
   80.000000    6.625500
   80.500000    4.500458
   81.000000    4.543570
   81.500000    9.077072
   82.000000    3.600480
   82.500000    4.117126
   83.000000    4.525321
   83.500000    6.426577
   84.000000    4.316529
   84.500000    3.723576
   85.000000    3.060045
   85.500000    6.550384
   86.000000    5.941781
   86.500000    3.149410
   87.000000    2.904969
   87.500000    5.443339
   88.000000    8.101110
   88.500000    4.453811
   89.000000    6.847804
   89.500000    2.400980
   90.000000    5.893046
   90.500000    1.887466
   91.000000    1.828615
   91.500000    2.618400
   92.000000    1.934551
   92.500000    3.105498
   93.000000    4.653377
   93.500000    3.332657
   94.000000    2.439045
   94.500000    6.698602
   95.000000    2.720563
   95.500000    7.026762
   96.000000    1.380598
   96.500000    4.060585
   97.000000    3.565868
   97.500000    4.435701
   98.000000    6.380204
   98.500000    1.541308
   99.000000    2.668912
   99.500000    5.284118
  100.000000    4.544123
  100.500000    3.924182
  101.000000    2.312212
  101.500000    4.885205
  102.000000    4.283470
  102.500000    3.079899
  103.000000    2.113330
  103.500000    4.026432
  104.000000    3.697945
  104.500000    3.007241
  105.000000    1.610153
  105.500000    2.716120
  106.000000    2.471098
  106.500000    1.575827
  107.000000    3.374219
  107.500000    2.250714
  108.000000    5.989111
  108.500000    2.007995
  109.000000    3.089560
  109.500000    5.379292
  110.000000    4.507646
  110.500000    7.638583
  111.000000    2.303369
  111.500000    3.163465
  112.000000    2.578910
  112.500000    3.292309
  113.000000    4.223611
  113.500000    1.955457
  114.000000    2.245215
  114.500000    7.903186
  115.000000    1.936005
  115.500000    2.809287
  116.000000    3.387975
  116.500000    3.247219
  117.000000    2.346525
  117.500000    6.205327
  118.000000    2.785117
  118.500000    2.540310
  119.000000    1.762864
  119.500000    2.618546
  120.000000    3.055524
  120.500000    2.195894
  121.000000    2.929744
  121.500000    2.009035
  122.000000    5.246878
  122.500000    2.905504
  123.000000    1.628482
  123.500000    2.650100
  124.000000    2.199275
  124.500000    3.776968
  125.000000    1.739313
  125.500000    2.529095
  126.000000    2.754536
  126.500000    3.727986
  127.000000    3.774693
  127.500000    2.641819
  128.000000    3.539677
  128.500000    2.204005
  129.000000    3.657810
  129.500000    2.961565
  130.000000    1.567263
  130.500000    2.788277
  131.000000    2.369247
  131.500000    3.829927
  132.000000    2.424393
  132.500000    1.729870
  133.000000    2.499019
  133.500000    3.308032
  134.000000    2.299046
  134.500000    3.793129
  135.000000    1.848841
  135.500000    1.731449
  136.000000    3.434286
  136.500000    3.518766
  137.000000    1.866037
  137.500000    3.364161
  138.000000    2.570544
  138.500000    4.235640
  139.000000    4.172836
  139.500000    9.776819
  140.000000    3.227748
  140.500000    3.224161
  141.000000    2.682952
  141.500000    3.811932
  142.000000    3.303617
  142.500000    3.688931
  143.000000    5.446975
  143.500000    2.693374
  144.000000    1.864981
  144.500000    7.405280
  145.000000    7.645682
  145.500000    2.460331
  146.000000    1.783220
  146.500000    2.468881
  147.000000    1.956660
  147.500000    2.920084
  148.000000    2.766470
  148.500000    6.509003
  149.000000    3.304852
  149.500000    4.215584
  150.000000    3.118585
  150.500000    1.945599
  151.000000    1.673626
  151.500000    2.931170
  152.000000    3.292346
  152.500000    1.474433
  153.000000    5.940085
  153.500000    4.569921
  154.000000    1.885843
  154.500000    2.455471
  155.000000    3.180100
  155.500000    1.687368
  156.000000    2.569071
  156.500000    2.967905
  157.000000    1.151727
  157.500000    1.642125
  158.000000    1.425046
  158.500000    2.976721
  159.000000    1.817685
  159.500000    3.923063
  160.000000    2.267744
  160.500000    3.413131
  161.000000    2.883820
  161.500000    1.842009
  162.000000    1.960020
  162.500000    4.530491
  163.000000    3.021528
  163.500000    3.109518
  164.000000    2.803130
  164.500000    2.350318
  165.000000    3.519829
  165.500000    4.355109
  166.000000    1.517630
  166.500000    1.626465
  167.000000    2.135639
  167.500000    1.195325
  168.000000    3.707337
  168.500000    2.393680
  169.000000    3.580476
  169.500000    1.961157
  170.000000    1.884847
  170.500000    3.932198
  171.000000    2.273932
  171.500000    2.683907
  172.000000    3.283467
  172.500000    2.849814
  173.000000    3.121461
  173.500000    3.587801
  174.000000    1.877527
  174.500000    3.201119
  175.000000    2.027229
  175.500000    1.895064
  176.000000    2.220090
  176.500000    2.852436
  177.000000    1.510205
  177.500000    3.096777
  178.000000    3.364294
  178.500000    3.127990
  179.000000    1.334295
  179.500000    3.097750
  180.000000    3.670250
  180.500000    2.954497
  181.000000    2.912858
  181.500000    1.844361
  182.000000    3.046432
  182.500000    2.952476
  183.000000    3.417918
  183.500000    2.927987
  184.000000    1.854509
  184.500000    2.354709
  185.000000    5.414680
  185.500000    1.618654
  186.000000    3.815072
  186.500000    4.185925
  187.000000    2.863761
  187.500000    1.842177
  188.000000    1.264333
  188.500000    2.309564
  189.000000    3.555353
  189.500000    3.133689
  190.000000    1.955551
  190.500000    3.378914
  191.000000    4.967507
  191.500000    2.606679
  192.000000    2.145060
  192.500000    4.119853
  193.000000    2.194753
  193.500000    3.730026
  194.000000    2.640166
  194.500000    2.318829
  195.000000    2.896229
  195.500000    5.608883
  196.000000    2.930340
  196.500000    2.074844
  197.000000    1.787829
  197.500000    1.541906
  198.000000    2.197973
  198.500000    1.861596
  199.000000    2.638419
  199.500000    1.597604
  200.000000    1.338760
  200.500000    1.433382
  201.000000    4.090832
  201.500000    1.815729
  202.000000    3.575037
  202.500000    2.851095
  203.000000    1.077132
  203.500000    1.888945
  204.000000    2.554782
  204.500000    1.591426
  205.000000    2.464253
  205.500000    3.576928
  206.000000    1.727201
  206.500000    2.117642
  207.000000    2.752085
  207.500000    3.006567
  208.000000    2.040145
  208.500000    1.747568
  209.000000    3.154525
  209.500000    1.554511
  210.000000    1.484849
  210.500000    1.943275
  211.000000    2.789845
  211.500000    8.333801
  212.000000    2.407992
  212.500000    2.456898
  213.000000    2.303066
  213.500000    3.943616
  214.000000    2.015518
  214.500000    1.391167
  215.000000    4.026322
  215.500000    3.095933
  216.000000    1.998094
  216.500000    1.780298
  217.000000    3.375682
  217.500000    1.561850
  218.000000    1.820529
  218.500000    1.331061
  219.000000    1.506696
  219.500000    1.676011
  220.000000    2.640735
  220.500000    2.789842
  221.000000    2.574661
  221.500000    6.700201
  222.000000    1.348242
  222.500000    1.682921
  223.000000    3.119955
  223.500000    1.077990
  224.000000    2.659360
  224.500000    2.112562
  225.000000    2.455793
  225.500000    1.259808
  226.000000    3.601357
  226.500000    1.853056
  227.000000    2.421394
  227.500000    1.449443
  228.000000    1.020771
  228.500000    1.150321
  229.000000    1.744628
  229.500000    1.878500
  230.000000    2.853084
  230.500000    2.031683
  231.000000    1.698178
  231.500000    3.785257
  232.000000    3.073795
  232.500000    3.160448
  233.000000    1.201969
  233.500000    1.960664
  234.000000    3.247604
  234.500000    2.816296
  235.000000    3.246942
  235.500000    3.403157
  236.000000    2.035172
  236.500000    2.231056
  237.000000    2.793892
  237.500000    1.626645
  238.000000    2.813159
  238.500000    1.885672
  239.000000    4.269528
  239.500000    2.437580
  240.000000    4.048107
  240.500000    4.999056
  241.000000    1.908561
  241.500000    2.644291
  242.000000    1.719593
  242.500000    2.758468
  243.000000    4.222040
  243.500000    3.260325
  244.000000    1.238229
  244.500000    2.880032
  245.000000    1.893753
  245.500000    1.949121
  246.000000    2.295210
  246.500000    1.499066
  247.000000    1.765950
  247.500000    2.257899
  248.000000    2.718010
  248.500000    3.472212
  249.000000    4.786252
  249.500000    1.176503
  250.000000    2.942094
  250.500000    4.892955
  251.000000    2.131579
  251.500000    3.732231
  252.000000    1.598822
  252.500000    3.208081
  253.000000    2.030762
  253.500000    4.390462
  254.000000    1.278921
  254.500000    1.991289
  255.000000    3.136075
  255.500000    3.092019
  256.000000    2.340438
  256.500000    2.069802
  257.000000    2.159842
  257.500000    2.241287
  258.000000    6.567832
  258.500000    2.266201
  259.000000    2.557548
  259.500000    3.623166
  260.000000    3.977601
  260.500000    3.458880
  261.000000    7.388780
  261.500000    2.010869
  262.000000    3.806071
  262.500000    2.832916
  263.000000    2.516713
  263.500000    3.551522
  264.000000    2.637552
  264.500000    3.444666
  265.000000    2.652220
  265.500000    5.129765
  266.000000    3.342020
  266.500000    1.671661
  267.000000    1.761948
  267.500000    3.127568
  268.000000    2.418228
  268.500000    5.301726
  269.000000    3.374298
  269.500000    4.028415
  270.000000    1.541293
  270.500000    1.864740
  271.000000    2.588548
  271.500000    2.777069
  272.000000    2.747214
  272.500000    4.743607
  273.000000    3.040100
  273.500000    1.517709
  274.000000    3.859739
  274.500000    4.051651
  275.000000    2.159697
  275.500000    1.370589
  276.000000    3.238144
  276.500000    1.397705
  277.000000    4.183947
  277.500000    1.385351
  278.000000    1.216565
  278.500000    2.796999
  279.000000    2.637974
  279.500000    3.609057
  280.000000    1.274667
  280.500000    2.855581
  281.000000    1.481692
  281.500000    2.205594
  282.000000    2.601384
  282.500000    1.769052
  283.000000    1.981016
  283.500000    1.585753
  284.000000    1.577335
  284.500000    2.669876
  285.000000    2.039316
  285.500000    1.411349
  286.000000    1.692220
  286.500000    1.924549
  287.000000    1.714428
  287.500000    2.862517
  288.000000    3.659976
  288.500000    1.457194
  289.000000    3.612825
  289.500000    1.522877
  290.000000    1.737829
  290.500000    4.510358
  291.000000    1.963104
  291.500000    3.176165
  292.000000    1.696618
  292.500000    3.243222
  293.000000    1.749590
  293.500000    1.720549
  294.000000    3.691061
  294.500000    2.398087
  295.000000    2.634109
  295.500000    3.740110
  296.000000    2.483537
  296.500000    2.843374
  297.000000    1.756320
  297.500000    1.947190
  298.000000    2.341749
  298.500000    1.564021
  299.000000    2.959850
  299.500000    1.135522
  300.000000    4.323251
