    0.000000  382.187408
    1.000000  353.333771
    2.000000  357.457733
    3.000000  358.002747
    4.000000  394.618500
    5.000000  379.744965
    6.000000  430.445923
    7.000000  440.510498
    8.000000  385.946411
    9.000000  438.997955
   10.000000  388.767609
   11.000000  447.306519
   12.000000  454.906525
   13.000000  444.921783
   14.000000  439.981537
   15.000000  403.527100
   16.000000  468.385376
   17.000000  446.978027
   18.000000  442.953583
   19.000000  402.227295
   20.000000  427.319336
   21.000000  420.547485
   22.000000  468.152649
   23.000000  465.086609
   24.000000  493.815765
   25.000000  606.623657
   26.000000  517.200073
   27.000000  512.837708
   28.000000  474.870789
   29.000000  554.880981
   30.000000  504.578308
   31.000000  568.049927
   32.000000  592.626221
   33.000000  632.258301
   34.000000  563.547424
   35.000000  584.747009
   36.000000  538.503845
   37.000000  550.557556
   38.000000  546.404114
   39.000000  612.791992
   40.000000  772.031494
   41.000000  586.942017
   42.000000  713.858459
   43.000000  706.734863
   44.000000  752.297974
   45.000000  612.049194
   46.000000  734.689880
   47.000000  704.177368
   48.000000  613.357544
   49.000000  788.440430
   50.000000  748.002747
   51.000000  751.009399
   52.000000  819.871277
   53.000000  876.790710
   54.000000  832.497803
   55.000000  768.160400
   56.000000  774.003601
   57.000000  854.604370
   58.000000  684.387390
   59.000000  823.788879
   60.000000  891.223816
   60.500000  691.126404
   61.000000  693.859741
   61.500000  646.449341
   62.000000  633.133789
   62.500000  656.133301
   63.000000  614.586853
   63.500000  713.701538
   64.000000  645.683594
   64.500000  550.047729
   65.000000  624.136230
   65.500000  612.688538
   66.000000  633.853271
   66.500000  516.934082
   67.000000  642.950317
   67.500000  634.730469
   68.000000  629.807495
   68.500000  651.849365
   69.000000  750.341309
   69.500000  574.544128
   70.000000  576.140625
   70.500000  643.240601
   71.000000  673.189148
   71.500000  668.657288
   72.000000  611.927490
   72.500000  754.708252
   73.000000  630.181519
   73.500000  699.658569
   74.000000  633.046753
   74.500000  790.264038
   75.000000  702.674072
   75.500000  641.067383
   76.000000  816.799805
   76.500000  599.502625
   77.000000  655.175842
   77.500000  712.867188
   78.000000  629.394775
   78.500000  720.424988
   79.000000  692.879944
   79.500000  693.732422
   80.000000  654.738586
   80.500000  634.704834
   81.000000  693.959961
   81.500000  643.912415
   82.000000  659.497375
   82.500000  697.896729
   83.000000  739.453308
   83.500000  618.049255
   84.000000  634.140747
   84.500000  687.239441
   85.000000  693.806458
   85.500000  774.450073
   86.000000  806.937561
   86.500000  777.265564
   87.000000  884.368164
   87.500000  704.066284
   88.000000  747.062561
   88.500000  709.508789
   89.000000  813.091919
   89.500000  625.653625
   90.000000  741.085510
   90.500000  553.847717
   91.000000  659.208435
   91.500000  554.497375
   92.000000  575.780640
   92.500000  564.258911
   93.000000  602.872192
   93.500000  553.773560
   94.000000  571.159546
   94.500000  616.918518
   95.000000  614.612061
   95.500000  608.917358
   96.000000  542.689575
   96.500000  567.434082
   97.000000  628.241699
   97.500000  534.652466
   98.000000  541.003235
   98.500000  543.961121
   99.000000  581.724487
   99.500000  563.640991
  100.000000  617.611816
  100.500000  542.897644
  101.000000  527.278442
  101.500000  518.766541
  102.000000  657.876709
  102.500000  567.944153
  103.000000  600.654419
  103.500000  503.533020
  104.000000  565.928040
  104.500000  489.955627
  105.000000  541.719116
  105.500000  659.709167
  106.000000  569.888672
  106.500000  556.686646
  107.000000  536.611450
  107.500000  599.948120
  108.000000  553.505493
  108.500000  606.596558
  109.000000  532.515015
  109.500000  615.809937
  110.000000  514.936890
  110.500000  621.852051
  111.000000  555.720093
  111.500000  528.755737
  112.000000  576.553101
  112.500000  609.046387
  113.000000  573.536072
  113.500000  629.868469
  114.000000  632.488953
  114.500000  549.770447
  115.000000  633.578735
  115.500000  523.357544
  116.000000  587.452637
  116.500000  542.627502
  117.000000  565.992554
  117.500000  565.460022
  118.000000  558.402344
  118.500000  571.860168
  119.000000  634.274597
  119.500000  663.272949
  120.000000  689.857117
  120.500000  526.801025
  121.000000  574.158081
  121.500000  565.678467
  122.000000  523.405762
  122.500000  568.847412
  123.000000  499.262329
  123.500000  564.989075
  124.000000  473.851379
  124.500000  520.472473
  125.000000  478.970886
  125.500000  614.092712
  126.000000  539.828674
  126.500000  529.140808
  127.000000  499.168610
  127.500000  545.463196
  128.000000  522.448242
  128.500000  496.432312
  129.000000  579.908752
  129.500000  447.021362
  130.000000  487.207825
  130.500000  566.399597
  131.000000  468.717987
  131.500000  527.763306
  132.000000  481.203613
  132.500000  483.476837
  133.000000  543.747009
  133.500000  563.460571
  134.000000  528.212280
  134.500000  523.569946
  135.000000  592.152161
  135.500000  611.326050
  136.000000  543.759949
  136.500000  589.083862
  137.000000  599.674988
  137.500000  562.274475
  138.000000  553.954102
  138.500000  511.894714
  139.000000  669.789185
  139.500000  660.812866
  140.000000  615.527527
  140.500000  530.669128
  141.000000  639.644653
  141.500000  476.662628
  142.000000  621.837036
  142.500000  571.293091
  143.000000  611.709412
  143.500000  582.529968
  144.000000  539.791321
  144.500000  527.284058
  145.000000  598.278442
  145.500000  599.851929
  146.000000  633.471924
  146.500000  701.654541
  147.000000  718.586304
  147.500000  641.835449
  148.000000  732.401367
  148.500000  720.957825
  149.000000  741.060181
  149.500000  658.408508
  150.000000  668.787109
  150.500000  515.314941
  151.000000  609.310059
  151.500000  595.703125
  152.000000  519.636597
  152.500000  528.522217
  153.000000  500.604767
  153.500000  512.041504
  154.000000  504.352356
  154.500000  554.477234
  155.000000  527.981934
  155.500000  445.279114
  156.000000  476.285370
  156.500000  518.100281
  157.000000  490.015259
  157.500000  493.285889
  158.000000  555.365601
  158.500000  520.984253
  159.000000  474.270630
  159.500000  487.846893
  160.000000  520.102905
  160.500000  515.424133
  161.000000  506.762939
  161.500000  506.863220
  162.000000  553.912964
  162.500000  462.278809
  163.000000  588.184143
  163.500000  488.235565
  164.000000  532.016846
  164.500000  559.772888
  165.000000  511.619202
  165.500000  516.397400
  166.000000  505.086060
  166.500000  489.937042
  167.000000  587.159729
  167.500000  548.279480
  168.000000  565.331299
  168.500000  510.281494
  169.000000  526.584290
  169.500000  504.207428
  170.000000  459.097961
  170.500000  480.634888
  171.000000  448.322357
  171.500000  534.925110
  172.000000  503.959137
  172.500000  511.163116
  173.000000  516.669739
  173.500000  503.284180
  174.000000  499.408203
  174.500000  617.961792
  175.000000  491.060120
  175.500000  467.448608
  176.000000  526.893127
  176.500000  593.516174
  177.000000  553.751038
  177.500000  550.881470
  178.000000  523.343811
  178.500000  544.984253
  179.000000  584.664551
  179.500000  540.481750
  180.000000  524.598633
  180.500000  462.857635
  181.000000  419.028870
  181.500000  437.694031
  182.000000  432.226868
  182.500000  465.478729
  183.000000  457.313110
  183.500000  462.752167
  184.000000  531.522827
  184.500000  520.719360
  185.000000  511.296021
  185.500000  484.464172
  186.000000  505.944031
  186.500000  553.172363
  187.000000  437.734863
  187.500000  501.434387
  188.000000  537.550415
  188.500000  525.269653
  189.000000  528.908081
  189.500000  533.220825
  190.000000  485.561096
  190.500000  554.557861
  191.000000  493.673706
  191.500000  501.199768
  192.000000  518.392334
  192.500000  476.907471
  193.000000  436.743042
  193.500000  460.924347
  194.000000  426.904358
  194.500000  518.329468
  195.000000  501.802063
  195.500000  538.074036
  196.000000  465.147369
  196.500000  481.837128
  197.000000  477.845551
  197.500000  475.562164
  198.000000  520.804321
  198.500000  475.993286
  199.000000  517.115723
  199.500000  592.224304
  200.000000  605.521240
  200.500000  458.018677
  201.000000  462.267029
  201.500000  542.254272
  202.000000  470.730042
  202.500000  457.078827
  203.000000  497.319305
  203.500000  510.594452
  204.000000  526.977234
  204.500000  498.516541
  205.000000  535.598083
  205.500000  469.063721
  206.000000  497.359467
  206.500000  522.438599
  207.000000  540.886719
  207.500000  484.192657
  208.000000  532.187500
  208.500000  505.474182
  209.000000  455.642151
  209.500000  465.420288
  210.000000  612.025269
  210.500000  450.717834
  211.000000  494.467285
  211.500000  480.469849
  212.000000  546.324341
  212.500000  575.533813
  213.000000  505.477631
  213.500000  501.158508
  214.000000  558.470276
  214.500000  532.957336
  215.000000  456.880951
  215.500000  456.183258
  216.000000  531.562500
  216.500000  523.861084
  217.000000  549.557312
  217.500000  483.286163
  218.000000  462.858765
  218.500000  513.814331
  219.000000  498.978271
  219.500000  524.318420
  220.000000  473.773224
  220.500000  505.600769
  221.000000  519.715088
  221.500000  468.616241
  222.000000  440.929718
  222.500000  453.269470
  223.000000  423.524261
  223.500000  532.917725
  224.000000  521.053955
  224.500000  465.264832
  225.000000  457.361877
  225.500000  545.104675
  226.000000  493.908325
  226.500000  495.680786
  227.000000  467.191132
  227.500000  468.953674
  228.000000  498.274078
  228.500000  474.159607
  229.000000  449.685852
  229.500000  444.746460
  230.000000  468.851532
  230.500000  465.226685
  231.000000  461.370056
  231.500000  406.501526
  232.000000  446.559570
  232.500000  478.582886
  233.000000  475.326416
  233.500000  487.197632
  234.000000  486.660370
  234.500000  499.512573
  235.000000  461.198120
  235.500000  555.589661
  236.000000  471.099365
  236.500000  463.294006
  237.000000  484.858093
  237.500000  513.041687
  238.000000  497.740631
  238.500000  473.239136
  239.000000  460.237549
  239.500000  496.440491
  240.000000  535.848145
  240.500000  492.203125
  241.000000  467.230713
  241.500000  473.065765
  242.000000  541.736938
  242.500000  489.929749
  243.000000  496.788574
  243.500000  511.315796
  244.000000  487.070251
  244.500000  510.833557
  245.000000  424.433807
  245.500000  506.256378
  246.000000  484.172150
  246.500000  454.631287
  247.000000  510.910583
  247.500000  462.379578
  248.000000  510.910278
  248.500000  435.396729
  249.000000  470.024506
  249.500000  522.003052
  250.000000  456.584503
  250.500000  529.582642
  251.000000  579.889526
  251.500000  597.796997
  252.000000  483.915405
  252.500000  542.949585
  253.000000  506.894318
  253.500000  588.432068
  254.000000  529.052063
  254.500000  476.618317
  255.000000  537.890869
  255.500000  550.765503
  256.000000  608.484375
  256.500000  470.051971
  257.000000  586.024597
  257.500000  548.448608
  258.000000  556.995605
  258.500000  563.629089
  259.000000  573.296875
  259.500000  593.697632
  260.000000  575.808655
  260.500000  582.733276
  261.000000  652.131287
  261.500000  516.660034
  262.000000  602.761230
  262.500000  654.226013
  263.000000  641.239929
  263.500000  584.475220
  264.000000  619.347656
  264.500000  516.176147
  265.000000  565.284241
  265.500000  626.579712
  266.000000  629.611572
  266.500000  616.457153
  267.000000  655.170410
  267.500000  577.820190
  268.000000  533.967407
  268.500000  573.221863
  269.000000  518.844849
  269.500000  480.187561
  270.000000  511.318298
  270.500000  476.674835
  271.000000  495.927368
  271.500000  458.777039
  272.000000  502.212646
  272.500000  489.174622
  273.000000  458.169739
  273.500000  463.507141
  274.000000  489.694366
  274.500000  479.585571
  275.000000  480.448120
  275.500000  480.377808
  276.000000  549.779419
  276.500000  553.606689
  277.000000  468.972290
  277.500000  534.813843
  278.000000  531.794861
  278.500000  519.529053
  279.000000  511.321472
  279.500000  472.755249
  280.000000  535.573853
  280.500000  513.052246
  281.000000  408.804993
  281.500000  496.461060
  282.000000  490.004150
  282.500000  501.841705
  283.000000  504.924072
  283.500000  479.183105
  284.000000  616.217407
  284.500000  538.156433
  285.000000  551.770874
  285.500000  508.836182
  286.000000  446.132507
  286.500000  522.137451
  287.000000  489.357452
  287.500000  487.961700
  288.000000  459.049805
  288.500000  521.335815
  289.000000  486.867645
  289.500000  473.267334
  290.000000  464.144684
  290.500000  582.759766
  291.000000  496.391968
  291.500000  535.719666
  292.000000  598.104370
  292.500000  460.075867
  293.000000  502.071564
  293.500000  504.045105
  294.000000  499.413422
  294.500000  500.963074
  295.000000  461.285553
  295.500000  572.861938
  296.000000  528.745605
  296.500000  527.004150
  297.000000  550.873352
  297.500000  536.145264
  298.000000  575.014893
  298.500000  552.992249
  299.000000  490.075378
  299.500000  587.371216
  300.000000  627.498596
